2000096606 129 1 21 1
2000096727 129 1 21 0
2000096772 129 1 21 1
2000096855 129 1 21 1
2000096938 129 1 21 1
2000097021 129 1 21 1
2000097154 129 1 21 1
2000097187 129 1 21 1
2000097270 129 1 21 1
2000097353 129 1 21 1
2000097436 129 1 21 1
2000097581 129 1 21 1
2000097602 129 1 21 1
2000097685 129 1 21 1
2000097768 129 1 21 1
2000097851 129 1 21 1
2000098008 129 1 21 1
2000098017 129 1 21 1
2000098100 129 1 21 1
2000098183 129 1 21 1
2000098266 129 1 21 1
2000098431 129 1 21 1
2000098434 129 1 21 1
2000098515 129 1 21 1
2000098598 129 1 21 1
2000098681 129 1 21 1
2000098858 129 1 21 1
2000100287 129 1 21 0
2000105112 129 1 21 1
2000105195 129 1 21 1
2000105272 129 1 21 0
2000105278 129 1 21 1
2000105361 129 1 21 1
2000105512 129 1 21 1
2000105527 129 1 21 1
2000105610 129 1 21 1
2000105693 129 1 21 1
2000105776 129 1 21 1
2000105859 129 1 21 1
2000105942 129 1 21 1
2000106028 129 1 21 1
2000106108 129 1 21 1
2000106191 129 1 21 1
2000106274 129 1 21 1
2000106357 129 1 21 1
2000106440 129 1 21 1
2000106540 129 1 21 1
2000106606 129 1 21 1
2000106689 129 1 21 1
2000106772 129 1 21 1
2000106855 129 1 21 1
2000106938 129 1 21 1
2000107054 129 1 21 1
2000107104 129 1 21 1
2000107187 129 1 21 1
2000107358 129 1 21 1
2000108339 129 1 21 0
