4.166 1 1 0.0
17733.7 1 2 0.007874015748031496
17802.5 1 3 0.015748031496062992
17837.9 1 4 0.023622047244094488
17971.1 1 5 0.031496062992125984
17986.3 1 6 0.03937007874015748
18001.5 1 7 0.047244094488188976
18022.4 1 8 0.05511811023622047
18100.6 1 9 0.06299212598425197
18127.5 1 10 0.07086614173228346
18150.0 1 11 0.07874015748031496
18228.7 1 12 0.08661417322834646
18236.7 1 13 0.09448818897637795
18325.1 1 14 0.10236220472440945
18475.5 1 15 0.11023622047244094
18497.7 1 16 0.11811023622047244
18683.8 1 17 0.12598425196850394
19464.3 1 18 0.13385826771653545
23206.2 1 19 0.14173228346456693
23278.6 1 20 0.14960629921259844
24395.7 1 21 0.15748031496062992
26973.7 1 22 0.16535433070866143
27744.4 1 23 0.1732283464566929
29246.4 1 24 0.18110236220472442
29948.2 1 25 0.1889763779527559
31051.2 1 26 0.1968503937007874
31452.5 1 27 0.2047244094488189
32474.1 1 28 0.2125984251968504
32511.2 1 29 0.2204724409448819
32607.3 1 30 0.2283464566929134
32611.5 1 31 0.23622047244094488
32670.9 1 32 0.2440944881889764
32702.3 1 33 0.25196850393700787
33075.7 1 34 0.25984251968503935
33306.6 1 35 0.2677165354330709
33567.3 1 36 0.2755905511811024
33720.3 1 37 0.28346456692913385
35014.9 1 38 0.29133858267716534
35161.9 1 39 0.2992125984251969
35491.5 1 40 0.30708661417322836
36261.7 1 41 0.31496062992125984
36497.3 1 42 0.3228346456692913
36692.9 1 43 0.33070866141732286
36768.6 1 44 0.33858267716535434
36771.6 1 45 0.3464566929133858
36805.3 1 46 0.3543307086614173
37093.5 1 47 0.36220472440944884
37682.4 1 48 0.3700787401574803
37917.4 1 49 0.3779527559055118
38166.2 1 50 0.3858267716535433
40405.4 1 51 0.3937007874015748
40571.8 1 52 0.4015748031496063
40642.7 1 53 0.4094488188976378
40694.9 1 54 0.41732283464566927
41437.3 1 55 0.4251968503937008
41503.6 1 56 0.4330708661417323
42247.6 1 57 0.4409448818897638
42606.4 1 58 0.44881889763779526
43153.9 1 59 0.4566929133858268
43561.7 1 60 0.4645669291338583
43980.6 1 61 0.47244094488188976
45552.4 1 62 0.48031496062992124
46575.4 1 63 0.4881889763779528
46714.3 1 64 0.49606299212598426
46891.8 1 65 0.5039370078740157
48424.6 1 66 0.5118110236220472
48718.9 1 67 0.5196850393700787
50230.6 1 68 0.5275590551181102
50433.7 1 69 0.5354330708661418
50592.5 1 70 0.5433070866141733
51200.0 1 71 0.5511811023622047
51678.6 1 72 0.5590551181102362
52091.1 1 73 0.5669291338582677
52302.3 1 74 0.5748031496062992
52549.9 1 75 0.5826771653543307
52552.4 1 76 0.5905511811023622
53123.5 1 77 0.5984251968503937
53642.7 1 78 0.6062992125984252
53748.7 1 79 0.6141732283464567
53901.1 1 80 0.6220472440944882
54083.8 1 81 0.6299212598425197
54977.6 1 82 0.6377952755905512
55066.7 1 83 0.6456692913385826
55381.5 1 84 0.6535433070866141
55812.0 1 85 0.6614173228346457
56414.2 1 86 0.6692913385826772
56948.5 1 87 0.6771653543307087
57060.0 1 88 0.6850393700787402
57403.2 1 89 0.6929133858267716
58181.7 1 90 0.7007874015748031
59021.0 1 91 0.7086614173228346
59085.9 1 92 0.7165354330708661
59304.5 1 93 0.7244094488188977
59897.8 1 94 0.7322834645669292
59912.7 1 95 0.7401574803149606
61789.6 1 96 0.7480314960629921
62331.9 1 97 0.7559055118110236
62430.3 1 98 0.7637795275590551
64843.6 1 99 0.7716535433070866
66792.9 1 100 0.7795275590551181
67740.3 1 101 0.7874015748031497
67874.7 1 102 0.7952755905511811
68119.6 1 103 0.8031496062992126
68582.1 1 104 0.8110236220472441
68624.4 1 105 0.8188976377952756
69659.7 1 106 0.8267716535433071
70067.7 1 107 0.8346456692913385
70377.2 1 108 0.84251968503937
70829.2 1 109 0.8503937007874016
71802.7 1 110 0.8582677165354331
72715.4 1 111 0.8661417322834646
73304.7 1 112 0.8740157480314961
74530.8 1 113 0.8818897637795275
75195.8 1 114 0.889763779527559
75217.7 1 115 0.8976377952755905
78434.5 1 116 0.905511811023622
81617.4 1 117 0.9133858267716536
82620.1 1 118 0.9212598425196851
83226.6 1 119 0.9291338582677166
85071.4 1 120 0.937007874015748
87965.7 1 121 0.9448818897637795
90179.4 1 122 0.952755905511811
91486.1 1 123 0.9606299212598425
93938.7 1 124 0.968503937007874
96015.9 1 125 0.9763779527559056
96495.1 1 126 0.984251968503937
102154.0 1 127 0.9921259842519685
103540.0 1 128 1.0
