17733.7 1 1 0.0
17802.5 1 2 0.007936507936507936
17837.9 1 3 0.015873015873015872
17971.1 1 4 0.023809523809523808
17986.3 1 5 0.031746031746031744
18001.5 1 6 0.03968253968253968
18022.4 1 7 0.047619047619047616
18100.6 1 8 0.05555555555555555
18127.5 1 9 0.06349206349206349
18150.0 1 10 0.07142857142857142
18228.7 1 11 0.07936507936507936
18236.7 1 12 0.0873015873015873
18325.1 1 13 0.09523809523809523
18475.5 1 14 0.10317460317460317
18497.7 1 15 0.1111111111111111
18683.8 1 16 0.11904761904761904
19464.3 1 17 0.12698412698412698
23206.2 1 18 0.1349206349206349
23278.6 1 19 0.14285714285714285
24395.7 1 20 0.15079365079365079
26973.7 1 21 0.15873015873015872
27744.4 1 22 0.16666666666666666
29246.4 1 23 0.1746031746031746
29948.2 1 24 0.18253968253968253
31051.2 1 25 0.19047619047619047
31452.5 1 26 0.1984126984126984
32474.1 1 27 0.20634920634920634
32511.2 1 28 0.21428571428571427
32607.3 1 29 0.2222222222222222
32611.5 1 30 0.23015873015873015
32670.9 1 31 0.23809523809523808
32702.3 1 32 0.24603174603174602
33075.7 1 33 0.25396825396825395
33306.6 1 34 0.2619047619047619
33567.3 1 35 0.2698412698412698
33720.3 1 36 0.2777777777777778
35014.9 1 37 0.2857142857142857
35161.9 1 38 0.29365079365079366
35491.5 1 39 0.30158730158730157
36261.7 1 40 0.30952380952380953
36497.3 1 41 0.31746031746031744
36692.9 1 42 0.3253968253968254
36768.6 1 43 0.3333333333333333
36771.6 1 44 0.3412698412698413
36805.3 1 45 0.3492063492063492
37093.5 1 46 0.35714285714285715
37682.4 1 47 0.36507936507936506
37917.4 1 48 0.373015873015873
38166.2 1 49 0.38095238095238093
40405.4 1 50 0.3888888888888889
40571.8 1 51 0.3968253968253968
40642.7 1 52 0.40476190476190477
40694.9 1 53 0.4126984126984127
41437.3 1 54 0.42063492063492064
41503.6 1 55 0.42857142857142855
42247.6 1 56 0.4365079365079365
42606.4 1 57 0.4444444444444444
43153.9 1 58 0.4523809523809524
43561.7 1 59 0.4603174603174603
43980.6 1 60 0.46825396825396826
45552.4 1 61 0.47619047619047616
46575.4 1 62 0.48412698412698413
46714.3 1 63 0.49206349206349204
46891.8 1 64 0.5
48424.6 1 65 0.5079365079365079
48718.9 1 66 0.5158730158730159
50230.6 1 67 0.5238095238095238
50433.7 1 68 0.5317460317460317
50592.5 1 69 0.5396825396825397
51200.0 1 70 0.5476190476190477
51678.6 1 71 0.5555555555555556
52091.1 1 72 0.5634920634920635
52302.3 1 73 0.5714285714285714
52549.9 1 74 0.5793650793650794
52552.4 1 75 0.5873015873015873
53123.5 1 76 0.5952380952380952
53642.7 1 77 0.6031746031746031
53748.7 1 78 0.6111111111111112
53901.1 1 79 0.6190476190476191
54083.8 1 80 0.626984126984127
54977.6 1 81 0.6349206349206349
55066.7 1 82 0.6428571428571429
55381.5 1 83 0.6507936507936508
55812.0 1 84 0.6587301587301587
56414.2 1 85 0.6666666666666666
56948.5 1 86 0.6746031746031746
57060.0 1 87 0.6825396825396826
57403.2 1 88 0.6904761904761905
58181.7 1 89 0.6984126984126984
59021.0 1 90 0.7063492063492064
59085.9 1 91 0.7142857142857143
59304.5 1 92 0.7222222222222222
59897.8 1 93 0.7301587301587301
59912.7 1 94 0.7380952380952381
61789.6 1 95 0.746031746031746
62331.9 1 96 0.753968253968254
62430.3 1 97 0.7619047619047619
64843.6 1 98 0.7698412698412699
66792.9 1 99 0.7777777777777778
67740.3 1 100 0.7857142857142857
67874.7 1 101 0.7936507936507936
68119.6 1 102 0.8015873015873016
68582.1 1 103 0.8095238095238095
68624.4 1 104 0.8174603174603174
69659.7 1 105 0.8253968253968254
70067.7 1 106 0.8333333333333334
70377.2 1 107 0.8412698412698413
70829.2 1 108 0.8492063492063492
71802.7 1 109 0.8571428571428571
72715.4 1 110 0.8650793650793651
73304.7 1 111 0.873015873015873
74530.8 1 112 0.8809523809523809
75195.8 1 113 0.8888888888888888
75217.7 1 114 0.8968253968253969
78434.5 1 115 0.9047619047619048
81617.4 1 116 0.9126984126984127
82620.1 1 117 0.9206349206349206
83226.6 1 118 0.9285714285714286
85071.4 1 119 0.9365079365079365
87965.7 1 120 0.9444444444444444
90179.4 1 121 0.9523809523809523
91486.1 1 122 0.9603174603174603
93938.7 1 123 0.9682539682539683
96015.9 1 124 0.9761904761904762
96495.1 1 125 0.9841269841269841
102154.0 1 126 0.9920634920634921
103540.0 1 127 1.0
