0 9 10001 101 100 2000000000 4166 4171
117 123 10000 100 209715200 2000000000 17733673 17586685
66 70 10000 100 209715200 2000000000 17802548 17586685
15 6 10000 100 209715200 2000000000 17837937 17586685
100 102 10000 100 209715200 2000000000 17971112 17586685
98 101 10000 100 209715200 2000000000 17986323 17586685
113 127 10000 100 209715200 2000000000 18001527 17586685
10 7 10000 100 209715200 2000000000 18022411 17586685
13 12 10000 100 209715200 2000000000 18100597 17586685
111 108 10000 100 209715200 2000000000 18127469 17586685
103 99 10000 100 209715200 2000000000 18149995 17586685
77 69 10000 100 209715200 2000000000 18228731 17586685
91 86 10000 100 209715200 2000000000 18236741 17586685
74 64 10000 100 209715200 2000000000 18325108 17586685
125 118 10000 100 209715200 2000000000 18475518 17586685
93 91 10000 100 209715200 2000000000 18497741 17586685
73 77 10000 100 209715200 2000000000 18683829 17586685
37 30 10000 100 209715200 2000000000 19464294 17590845
90 23 10000 100 209715200 2000000000 23206172 17590845
64 125 10000 100 209715200 2000000000 23278648 17590845
68 56 10000 100 209715200 2000000000 24395712 17590845
94 116 10000 100 209715200 2000000000 26973716 17590845
112 87 10000 100 209715200 2000000000 27744412 17590845
2 120 10000 100 209715200 2000000000 29246360 17590845
35 89 10000 100 209715200 2000000000 29948237 17590845
82 110 10000 100 209715200 2000000000 31051174 17590845
67 60 10000 100 209715200 2000000000 31452501 17590845
48 126 10000 100 209715200 2000000000 32474065 17590845
96 11 10000 100 209715200 2000000000 32511248 17590845
99 81 10000 100 209715200 2000000000 32607302 17590845
121 1 10000 100 209715200 2000000000 32611481 17590845
97 15 10000 100 209715200 2000000000 32670925 17590845
28 107 10000 100 209715200 2000000000 32702278 17590845
81 22 10000 100 209715200 2000000000 33075724 17590845
106 18 10000 100 209715200 2000000000 33306598 17590845
12 111 10000 100 209715200 2000000000 33567286 17590845
60 114 10000 100 209715200 2000000000 33720318 17590845
114 28 10000 100 209715200 2000000000 35014933 17590845
122 46 10000 100 209715200 2000000000 35161928 17590845
86 73 10000 100 209715200 2000000000 35491531 17590845
110 88 10000 100 209715200 2000000000 36261690 17590845
24 93 10000 100 209715200 2000000000 36497304 17590845
56 76 10000 100 209715200 2000000000 36692886 17590845
5 66 10000 100 209715200 2000000000 36768594 17590845
36 9 10000 100 209715200 2000000000 36771565 17590845
126 13 10000 100 209715200 2000000000 36805343 17590845
20 74 10000 100 209715200 2000000000 37093520 17590845
115 49 10000 100 209715200 2000000000 37682411 17590845
107 29 10000 100 209715200 2000000000 37917432 17590845
27 63 10000 100 209715200 2000000000 38166174 17590845
89 17 10000 100 209715200 2000000000 40405421 17590845
61 33 10000 100 209715200 2000000000 40571801 17590845
11 95 10000 100 209715200 2000000000 40642689 17590845
63 75 10000 100 209715200 2000000000 40694913 17590845
118 94 10000 100 209715200 2000000000 41437291 17590845
127 39 10000 100 209715200 2000000000 41503628 17590845
84 115 10000 100 209715200 2000000000 42247621 17590845
18 109 10000 100 209715200 2000000000 42606382 17590845
95 47 10000 100 209715200 2000000000 43153924 17590845
7 117 10000 100 209715200 2000000000 43561717 17590845
1 34 10000 100 209715200 2000000000 43980594 17590845
72 42 10000 100 209715200 2000000000 45552387 17590845
23 85 10000 100 209715200 2000000000 46575435 17590845
101 80 10000 100 209715200 2000000000 46714344 17590845
50 96 10000 100 209715200 2000000000 46891770 17590845
9 121 10000 100 209715200 2000000000 48424563 17590845
102 92 10000 100 209715200 2000000000 48718905 17590845
26 72 10000 100 209715200 2000000000 50230602 17590845
8 27 10000 100 209715200 2000000000 50433736 17590845
19 83 10000 100 209715200 2000000000 50592470 17590845
57 43 10000 100 209715200 2000000000 51199977 17590845
88 79 10000 100 209715200 2000000000 51678598 17590845
71 31 10000 100 209715200 2000000000 52091149 17590845
58 36 10000 100 209715200 2000000000 52302258 17590845
62 84 10000 100 209715200 2000000000 52549871 17590845
3 40 10000 100 209715200 2000000000 52552416 17590845
87 124 10000 100 209715200 2000000000 53123542 17590845
55 113 10000 100 209715200 2000000000 53642695 17590845
6 68 10000 100 209715200 2000000000 53748710 17590845
49 67 10000 100 209715200 2000000000 53901105 17590845
51 100 10000 100 209715200 2000000000 54083760 17590845
30 97 10000 100 209715200 2000000000 54977555 17590845
38 106 10000 100 209715200 2000000000 55066724 17590845
104 62 10000 100 209715200 2000000000 55381509 17590845
34 122 10000 100 209715200 2000000000 55812007 17590845
53 71 10000 100 209715200 2000000000 56414246 17590845
16 58 10000 100 209715200 2000000000 56948483 17590845
59 45 10000 100 209715200 2000000000 57059961 17590845
116 65 10000 100 209715200 2000000000 57403244 17590845
21 55 10000 100 209715200 2000000000 58181680 17590845
52 112 10000 100 209715200 2000000000 59020968 17590845
123 78 10000 100 209715200 2000000000 59085947 17590845
120 61 10000 100 209715200 2000000000 59304502 17590845
124 38 10000 100 209715200 2000000000 59897774 17590845
83 35 10000 100 209715200 2000000000 59912652 17590845
119 105 10000 100 209715200 2000000000 61789635 17590845
108 57 10000 100 209715200 2000000000 62331924 17590845
45 8 10000 100 209715200 2000000000 62430311 17590845
92 16 10000 100 209715200 2000000000 64843618 17590845
39 52 10000 100 209715200 2000000000 66792880 17590845
40 59 10000 100 209715200 2000000000 67740332 17590845
42 103 10000 100 209715200 2000000000 67874724 17590845
70 44 10000 100 209715200 2000000000 68119632 17590845
79 119 10000 100 209715200 2000000000 68582123 17590845
54 41 10000 100 209715200 2000000000 68624436 17590845
85 50 10000 100 209715200 2000000000 69659662 17590845
14 20 10000 100 209715200 2000000000 70067670 17590845
47 98 10000 100 209715200 2000000000 70377177 17590845
29 4 10000 100 209715200 2000000000 70829161 17590845
25 90 10000 100 209715200 2000000000 71802721 17590845
4 26 10000 100 209715200 2000000000 72715410 17590845
44 2 10000 100 209715200 2000000000 73304709 17590845
78 32 10000 100 209715200 2000000000 74530834 17590845
105 54 10000 100 209715200 2000000000 75195795 17590845
33 48 10000 100 209715200 2000000000 75217696 17590845
32 104 10000 100 209715200 2000000000 78434491 17590845
0 24 10000 100 209715200 2000000000 81617445 17590845
22 37 10000 100 209715200 2000000000 82620122 17590845
17 3 10000 100 209715200 2000000000 83226603 17590845
80 14 10000 100 209715200 2000000000 85071403 17590845
109 5 10000 100 209715200 2000000000 87965688 17590845
65 10 10000 100 209715200 2000000000 90179430 17590845
69 25 10000 100 209715200 2000000000 91486050 17590845
46 19 10000 100 209715200 2000000000 93938730 17590845
75 0 10000 100 209715200 2000000000 96015910 17590845
76 82 10000 100 209715200 2000000000 96495147 17590845
43 53 10000 100 209715200 2000000000 96981523 17590845
31 51 10000 100 209715200 2000000000 102154022 17590845
41 21 10000 100 209715200 2000000000 103539656 17590845
