SLOWDOWN#1BDP=104000Bytes
#Category,Avg  ,50%  ,95%   ,99%   ,99.9% 
<1BDP,1.000,1.000,1.000,1.000,1.000
>1BDP,2.772,2.666,5.089,5.506,5.770
#
#
#
#
#
#CDF   Size	Avg   50%   95%    99%    99.9% 
#0.050 209715200	1.013 1.014 1.023 1.023 1.023
#0.100 209715200	1.029 1.031 1.037 1.037 1.037
#0.150 209715200	1.096 1.052 1.319 1.319 1.319
#0.200 209715200	1.531 1.577 1.702 1.702 1.702
#0.250 209715200	1.830 1.848 1.857 1.857 1.857
#0.300 209715200	1.908 1.908 1.991 1.991 1.991
#0.350 209715200	2.055 2.075 2.090 2.090 2.090
#0.400 209715200	2.151 2.142 2.297 2.297 2.297
#0.450 209715200	2.341 2.356 2.402 2.402 2.402
#0.500 209715200	2.535 2.500 2.656 2.656 2.656
#0.550 209715200	2.798 2.856 2.876 2.876 2.876
#0.600 209715200	2.960 2.973 2.987 2.987 2.987
#0.650 209715200	3.074 3.064 3.130 3.130 3.130
#0.700 209715200	3.212 3.237 3.263 3.263 3.263
#0.750 209715200	3.388 3.371 3.513 3.513 3.513
#0.800 209715200	3.714 3.797 3.859 3.859 3.859
#0.850 209715200	3.936 3.960 4.001 4.001 4.001
#0.900 209715200	4.171 4.167 4.276 4.276 4.276
#0.950 209715200	4.727 4.731 5.001 5.001 5.001
#1.000 209715200	5.419 5.458 5.807 5.807 5.807
#
#
#
#
#
ABSOLUTE#1BDP=104000Bytes
#Category,Avg  ,50%  ,95%   ,99%   ,99.9% 
<1BDP,4.166,4.166,4.166,4.166,4.166
>1BDP,48806.073,46891.800,89515.290,100682.686,103365.364
#
#
#
#
#
#CDF  ,Size  ,Avg   ,50%   ,95%    ,99%    ,99.9%   >> scale: us-scale
#0.050 209715200	43178.711 17837.900 103540.000 103540.000 103540.000
#0.100 209715200	18034.900 18022.400 18127.500 18127.500 18127.500
#0.150 209715200	18371.071 18325.100 18683.800 18683.800 18683.800
#0.200 209715200	24177.150 24395.700 27744.400 27744.400 27744.400
#0.250 209715200	31327.271 31452.500 32607.300 32607.300 32607.300
#0.300 209715200	32989.050 33075.700 33567.300 33567.300 33567.300
#0.350 209715200	35357.933 35491.500 36497.300 36497.300 36497.300
#0.400 209715200	37104.529 36805.300 37917.400 37917.400 37917.400
#0.450 209715200	40319.717 40642.700 41437.300 41437.300 41437.300
#0.500 209715200	43229.457 43153.900 45552.400 45552.400 45552.400
#0.550 209715200	47925.933 48424.600 50230.600 50230.600 50230.600
#0.600 209715200	51383.033 51678.600 52302.300 52302.300 52302.300
#0.650 209715200	53371.729 53642.700 54083.800 54083.800 54083.800
#0.700 209715200	55766.750 55812.000 56948.500 56948.500 56948.500
#0.750 209715200	58564.871 59021.000 59897.800 59897.800 59897.800
#0.800 209715200	63016.833 62430.300 66792.900 66792.900 66792.900
#0.850 209715200	68433.467 68582.100 69659.700 69659.700 69659.700
#0.900 209715200	71946.814 71802.700 74530.800 74530.800 74530.800
#0.950 209715200	79385.350 81617.400 83226.600 83226.600 83226.600
#1.000 209715200	91593.186 91486.100 96495.100 96495.100 96495.100
#
#EOF