1.0 1 1 0.0
1.00836 1 2 0.007874015748031496
1.01227 1 3 0.015748031496062992
1.01429 1 4 0.023622047244094488
1.02186 1 5 0.031496062992125984
1.02272 1 6 0.03937007874015748
1.02359 1 7 0.047244094488188976
1.02478 1 8 0.05511811023622047
1.02922 1 9 0.06299212598425197
1.03075 1 10 0.07086614173228346
1.03203 1 11 0.07874015748031496
1.03651 1 12 0.08661417322834646
1.03696 1 13 0.09448818897637795
1.04199 1 14 0.10236220472440945
1.05054 1 15 0.11023622047244094
1.0518 1 16 0.11811023622047244
1.06238 1 17 0.12598425196850394
1.1065 1 18 0.13385826771653545
1.31922 1 19 0.14173228346456693
1.32334 1 20 0.14960629921259844
1.38684 1 21 0.15748031496062992
1.5334 1 22 0.16535433070866143
1.57721 1 23 0.1732283464566929
1.66259 1 24 0.18110236220472442
1.70249 1 25 0.1889763779527559
1.76519 1 26 0.1968503937007874
1.788 1 27 0.2047244094488189
1.84608 1 28 0.2125984251968504
1.84819 1 29 0.2204724409448819
1.85365 1 30 0.2283464566929134
1.85389 1 31 0.23622047244094488
1.85727 1 32 0.2440944881889764
1.85905 1 33 0.25196850393700787
1.88028 1 34 0.25984251968503935
1.89341 1 35 0.2677165354330709
1.90822 1 36 0.2755905511811024
1.91692 1 37 0.28346456692913385
1.99052 1 38 0.29133858267716534
1.99888 1 39 0.2992125984251969
2.01761 1 40 0.30708661417322836
2.0614 1 41 0.31496062992125984
2.07479 1 42 0.3228346456692913
2.08591 1 43 0.33070866141732286
2.09021 1 44 0.33858267716535434
2.09038 1 45 0.3464566929133858
2.0923 1 46 0.3543307086614173
2.10868 1 47 0.36220472440944884
2.14216 1 48 0.3700787401574803
2.15552 1 49 0.3779527559055118
2.16966 1 50 0.3858267716535433
2.29696 1 51 0.3937007874015748
2.30642 1 52 0.4015748031496063
2.31045 1 53 0.4094488188976378
2.31341 1 54 0.41732283464566927
2.35562 1 55 0.4251968503937008
2.35939 1 56 0.4330708661417323
2.40168 1 57 0.4409448818897638
2.42208 1 58 0.44881889763779526
2.4532 1 59 0.4566929133858268
2.47639 1 60 0.4645669291338583
2.5002 1 61 0.47244094488188976
2.58955 1 62 0.48031496062992124
2.64771 1 63 0.4881889763779528
2.65561 1 64 0.49606299212598426
2.66569 1 65 0.5039370078740157
2.75283 1 66 0.5118110236220472
2.76956 1 67 0.5196850393700787
2.8555 1 68 0.5275590551181102
2.86704 1 69 0.5354330708661418
2.87607 1 70 0.5433070866141733
2.9106 1 71 0.5511811023622047
2.93781 1 72 0.5590551181102362
2.96126 1 73 0.5669291338582677
2.97327 1 74 0.5748031496062992
2.98734 1 75 0.5826771653543307
2.98749 1 76 0.5905511811023622
3.01995 1 77 0.5984251968503937
3.04947 1 78 0.6062992125984252
3.05549 1 79 0.6141732283464567
3.06416 1 80 0.6220472440944882
3.07454 1 81 0.6299212598425197
3.12535 1 82 0.6377952755905512
3.13042 1 83 0.6456692913385826
3.14831 1 84 0.6535433070866141
3.17279 1 85 0.6614173228346457
3.20702 1 86 0.6692913385826772
3.23739 1 87 0.6771653543307087
3.24373 1 88 0.6850393700787402
3.26325 1 89 0.6929133858267716
3.3075 1 90 0.7007874015748031
3.35521 1 91 0.7086614173228346
3.3589 1 92 0.7165354330708661
3.37133 1 93 0.7244094488188977
3.40505 1 94 0.7322834645669292
3.4059 1 95 0.7401574803149606
3.5126 1 96 0.7480314960629921
3.54343 1 97 0.7559055118110236
3.54902 1 98 0.7637795275590551
3.68621 1 99 0.7716535433070866
3.79703 1 100 0.7795275590551181
3.85089 1 101 0.7874015748031497
3.85853 1 102 0.7952755905511811
3.87245 1 103 0.8031496062992126
3.89874 1 104 0.8110236220472441
3.90114 1 105 0.8188976377952756
3.96 1 106 0.8267716535433071
3.98319 1 107 0.8346456692913385
4.00078 1 108 0.84251968503937
4.02648 1 109 0.8503937007874016
4.08182 1 110 0.8582677165354331
4.13371 1 111 0.8661417322834646
4.16721 1 112 0.8740157480314961
4.23691 1 113 0.8818897637795275
4.27471 1 114 0.889763779527559
4.27596 1 115 0.8976377952755905
4.45882 1 116 0.905511811023622
4.63977 1 117 0.9133858267716536
4.69677 1 118 0.9212598425196851
4.73125 1 119 0.9291338582677166
4.83612 1 120 0.937007874015748
5.00065 1 121 0.9448818897637795
5.1265 1 122 0.952755905511811
5.20078 1 123 0.9606299212598425
5.34021 1 124 0.968503937007874
5.45829 1 125 0.9763779527559056
5.48553 1 126 0.984251968503937
5.51318 1 127 0.9921259842519685
5.80723 1 128 1.0
