1.00836 1 1 0.0
1.01227 1 2 0.007936507936507936
1.01429 1 3 0.015873015873015872
1.02186 1 4 0.023809523809523808
1.02272 1 5 0.031746031746031744
1.02359 1 6 0.03968253968253968
1.02478 1 7 0.047619047619047616
1.02922 1 8 0.05555555555555555
1.03075 1 9 0.06349206349206349
1.03203 1 10 0.07142857142857142
1.03651 1 11 0.07936507936507936
1.03696 1 12 0.0873015873015873
1.04199 1 13 0.09523809523809523
1.05054 1 14 0.10317460317460317
1.0518 1 15 0.1111111111111111
1.06238 1 16 0.11904761904761904
1.1065 1 17 0.12698412698412698
1.31922 1 18 0.1349206349206349
1.32334 1 19 0.14285714285714285
1.38684 1 20 0.15079365079365079
1.5334 1 21 0.15873015873015872
1.57721 1 22 0.16666666666666666
1.66259 1 23 0.1746031746031746
1.70249 1 24 0.18253968253968253
1.76519 1 25 0.19047619047619047
1.788 1 26 0.1984126984126984
1.84608 1 27 0.20634920634920634
1.84819 1 28 0.21428571428571427
1.85365 1 29 0.2222222222222222
1.85389 1 30 0.23015873015873015
1.85727 1 31 0.23809523809523808
1.85905 1 32 0.24603174603174602
1.88028 1 33 0.25396825396825395
1.89341 1 34 0.2619047619047619
1.90822 1 35 0.2698412698412698
1.91692 1 36 0.2777777777777778
1.99052 1 37 0.2857142857142857
1.99888 1 38 0.29365079365079366
2.01761 1 39 0.30158730158730157
2.0614 1 40 0.30952380952380953
2.07479 1 41 0.31746031746031744
2.08591 1 42 0.3253968253968254
2.09021 1 43 0.3333333333333333
2.09038 1 44 0.3412698412698413
2.0923 1 45 0.3492063492063492
2.10868 1 46 0.35714285714285715
2.14216 1 47 0.36507936507936506
2.15552 1 48 0.373015873015873
2.16966 1 49 0.38095238095238093
2.29696 1 50 0.3888888888888889
2.30642 1 51 0.3968253968253968
2.31045 1 52 0.40476190476190477
2.31341 1 53 0.4126984126984127
2.35562 1 54 0.42063492063492064
2.35939 1 55 0.42857142857142855
2.40168 1 56 0.4365079365079365
2.42208 1 57 0.4444444444444444
2.4532 1 58 0.4523809523809524
2.47639 1 59 0.4603174603174603
2.5002 1 60 0.46825396825396826
2.58955 1 61 0.47619047619047616
2.64771 1 62 0.48412698412698413
2.65561 1 63 0.49206349206349204
2.66569 1 64 0.5
2.75283 1 65 0.5079365079365079
2.76956 1 66 0.5158730158730159
2.8555 1 67 0.5238095238095238
2.86704 1 68 0.5317460317460317
2.87607 1 69 0.5396825396825397
2.9106 1 70 0.5476190476190477
2.93781 1 71 0.5555555555555556
2.96126 1 72 0.5634920634920635
2.97327 1 73 0.5714285714285714
2.98734 1 74 0.5793650793650794
2.98749 1 75 0.5873015873015873
3.01995 1 76 0.5952380952380952
3.04947 1 77 0.6031746031746031
3.05549 1 78 0.6111111111111112
3.06416 1 79 0.6190476190476191
3.07454 1 80 0.626984126984127
3.12535 1 81 0.6349206349206349
3.13042 1 82 0.6428571428571429
3.14831 1 83 0.6507936507936508
3.17279 1 84 0.6587301587301587
3.20702 1 85 0.6666666666666666
3.23739 1 86 0.6746031746031746
3.24373 1 87 0.6825396825396826
3.26325 1 88 0.6904761904761905
3.3075 1 89 0.6984126984126984
3.35521 1 90 0.7063492063492064
3.3589 1 91 0.7142857142857143
3.37133 1 92 0.7222222222222222
3.40505 1 93 0.7301587301587301
3.4059 1 94 0.7380952380952381
3.5126 1 95 0.746031746031746
3.54343 1 96 0.753968253968254
3.54902 1 97 0.7619047619047619
3.68621 1 98 0.7698412698412699
3.79703 1 99 0.7777777777777778
3.85089 1 100 0.7857142857142857
3.85853 1 101 0.7936507936507936
3.87245 1 102 0.8015873015873016
3.89874 1 103 0.8095238095238095
3.90114 1 104 0.8174603174603174
3.96 1 105 0.8253968253968254
3.98319 1 106 0.8333333333333334
4.00078 1 107 0.8412698412698413
4.02648 1 108 0.8492063492063492
4.08182 1 109 0.8571428571428571
4.13371 1 110 0.8650793650793651
4.16721 1 111 0.873015873015873
4.23691 1 112 0.8809523809523809
4.27471 1 113 0.8888888888888888
4.27596 1 114 0.8968253968253969
4.45882 1 115 0.9047619047619048
4.63977 1 116 0.9126984126984127
4.69677 1 117 0.9206349206349206
4.73125 1 118 0.9285714285714286
4.83612 1 119 0.9365079365079365
5.00065 1 120 0.9444444444444444
5.1265 1 121 0.9523809523809523
5.20078 1 122 0.9603174603174603
5.34021 1 123 0.9682539682539683
5.45829 1 124 0.9761904761904762
5.48553 1 125 0.9841269841269841
5.51318 1 126 0.9920634920634921
5.80723 1 127 1.0
