2000500 128 134
2000500 129 152
2000500 130 160
2000500 131 179
2000500 132 139
2000500 133 174
2000500 134 106
2000500 135 121
2001000 128 203
2001000 129 470
2001000 130 443
2001000 131 183
2001000 132 217
2001000 133 175
2001000 134 168
2001000 135 126
2001500 128 239
2001500 129 605
2001500 130 522
2001500 131 183
2001500 132 275
2001500 133 175
2001500 134 168
2001500 135 126
2002000 128 239
2002000 129 634
2002000 130 550
2002000 131 183
2002000 132 314
2002000 133 175
2002000 134 168
2002000 135 126
2002500 128 239
2002500 129 634
2002500 130 550
2002500 131 183
2002500 132 314
2002500 133 175
2002500 134 168
2002500 135 126
2003000 128 239
2003000 129 634
2003000 130 550
2003000 131 183
2003000 132 314
2003000 133 175
2003000 134 168
2003000 135 126
2003500 128 239
2003500 129 634
2003500 130 550
2003500 131 183
2003500 132 314
2003500 133 175
2003500 134 168
2003500 135 126
2004000 128 239
2004000 129 634
2004000 130 550
2004000 131 183
2004000 132 314
2004000 133 175
2004000 134 168
2004000 135 126
2004500 128 239
2004500 129 634
2004500 130 550
2004500 131 183
2004500 132 314
2004500 133 175
2004500 134 168
2004500 135 126
2005000 128 239
2005000 129 634
2005000 130 550
2005000 131 183
2005000 132 314
2005000 133 175
2005000 134 168
2005000 135 126
2005500 128 239
2005500 129 634
2005500 130 550
2005500 131 183
2005500 132 314
2005500 133 175
2005500 134 168
2005500 135 126
2006000 128 239
2006000 129 634
2006000 130 550
2006000 131 183
2006000 132 314
2006000 133 175
2006000 134 168
2006000 135 126
2006500 128 239
2006500 129 634
2006500 130 550
2006500 131 183
2006500 132 314
2006500 133 175
2006500 134 168
2006500 135 126
2007000 128 239
2007000 129 634
2007000 130 550
2007000 131 183
2007000 132 314
2007000 133 175
2007000 134 168
2007000 135 126
2007500 128 239
2007500 129 634
2007500 130 550
2007500 131 183
2007500 132 314
2007500 133 175
2007500 134 168
2007500 135 126
2008000 128 239
2008000 129 634
2008000 130 550
2008000 131 183
2008000 132 314
2008000 133 175
2008000 134 168
2008000 135 126
2008500 128 239
2008500 129 634
2008500 130 550
2008500 131 183
2008500 132 314
2008500 133 175
2008500 134 168
2008500 135 126
2009000 128 239
2009000 129 634
2009000 130 550
2009000 131 183
2009000 132 314
2009000 133 175
2009000 134 168
2009000 135 126
2009500 128 239
2009500 129 634
2009500 130 550
2009500 131 183
2009500 132 314
2009500 133 175
2009500 134 168
2009500 135 126
2010000 128 239
2010000 129 634
2010000 130 550
2010000 131 183
2010000 132 314
2010000 133 175
2010000 134 168
2010000 135 126
2010500 128 239
2010500 129 634
2010500 130 550
2010500 131 183
2010500 132 314
2010500 133 175
2010500 134 168
2010500 135 126
2011000 128 239
2011000 129 634
2011000 130 550
2011000 131 183
2011000 132 314
2011000 133 175
2011000 134 168
2011000 135 126
2011500 128 239
2011500 129 634
2011500 130 550
2011500 131 183
2011500 132 314
2011500 133 175
2011500 134 168
2011500 135 126
2012000 128 239
2012000 129 634
2012000 130 550
2012000 131 183
2012000 132 314
2012000 133 175
2012000 134 168
2012000 135 126
2012500 128 239
2012500 129 634
2012500 130 550
2012500 131 183
2012500 132 314
2012500 133 175
2012500 134 168
2012500 135 126
2013000 128 239
2013000 129 634
2013000 130 550
2013000 131 183
2013000 132 314
2013000 133 175
2013000 134 168
2013000 135 126
2013500 128 239
2013500 129 634
2013500 130 550
2013500 131 183
2013500 132 314
2013500 133 175
2013500 134 168
2013500 135 126
2014000 128 239
2014000 129 634
2014000 130 550
2014000 131 183
2014000 132 314
2014000 133 175
2014000 134 168
2014000 135 126
2014500 128 239
2014500 129 634
2014500 130 550
2014500 131 183
2014500 132 314
2014500 133 175
2014500 134 168
2014500 135 126
2015000 128 239
2015000 129 634
2015000 130 550
2015000 131 183
2015000 132 314
2015000 133 175
2015000 134 168
2015000 135 126
2015500 128 239
2015500 129 634
2015500 130 550
2015500 131 183
2015500 132 314
2015500 133 175
2015500 134 168
2015500 135 126
2016000 128 239
2016000 129 634
2016000 130 550
2016000 131 183
2016000 132 314
2016000 133 175
2016000 134 168
2016000 135 126
2016500 128 239
2016500 129 634
2016500 130 550
2016500 131 183
2016500 132 314
2016500 133 175
2016500 134 168
2016500 135 126
2017000 128 239
2017000 129 634
2017000 130 550
2017000 131 183
2017000 132 314
2017000 133 175
2017000 134 168
2017000 135 126
2017500 128 239
2017500 129 634
2017500 130 550
2017500 131 183
2017500 132 314
2017500 133 175
2017500 134 168
2017500 135 126
2018000 128 239
2018000 129 634
2018000 130 550
2018000 131 183
2018000 132 314
2018000 133 175
2018000 134 168
2018000 135 126
2018500 128 239
2018500 129 634
2018500 130 550
2018500 131 183
2018500 132 314
2018500 133 175
2018500 134 168
2018500 135 126
2019000 128 239
2019000 129 634
2019000 130 550
2019000 131 183
2019000 132 314
2019000 133 175
2019000 134 168
2019000 135 126
2019500 128 239
2019500 129 634
2019500 130 550
2019500 131 183
2019500 132 314
2019500 133 175
2019500 134 168
2019500 135 126
2020000 128 239
2020000 129 634
2020000 130 550
2020000 131 183
2020000 132 314
2020000 133 175
2020000 134 168
2020000 135 126
2020500 128 239
2020500 129 634
2020500 130 550
2020500 131 183
2020500 132 314
2020500 133 175
2020500 134 168
2020500 135 126
2021000 128 239
2021000 129 634
2021000 130 550
2021000 131 183
2021000 132 314
2021000 133 175
2021000 134 168
2021000 135 126
2021500 128 239
2021500 129 634
2021500 130 550
2021500 131 183
2021500 132 314
2021500 133 175
2021500 134 168
2021500 135 126
2022000 128 239
2022000 129 634
2022000 130 550
2022000 131 183
2022000 132 314
2022000 133 175
2022000 134 168
2022000 135 126
2022500 128 239
2022500 129 634
2022500 130 550
2022500 131 183
2022500 132 314
2022500 133 175
2022500 134 168
2022500 135 126
2023000 128 239
2023000 129 634
2023000 130 550
2023000 131 183
2023000 132 314
2023000 133 175
2023000 134 168
2023000 135 126
2023500 128 239
2023500 129 634
2023500 130 550
2023500 131 183
2023500 132 314
2023500 133 175
2023500 134 168
2023500 135 126
2024000 128 239
2024000 129 634
2024000 130 550
2024000 131 183
2024000 132 314
2024000 133 175
2024000 134 168
2024000 135 126
2024500 128 239
2024500 129 634
2024500 130 550
2024500 131 183
2024500 132 314
2024500 133 175
2024500 134 168
2024500 135 126
2025000 128 239
2025000 129 634
2025000 130 550
2025000 131 183
2025000 132 314
2025000 133 175
2025000 134 168
2025000 135 126
2025500 128 239
2025500 129 634
2025500 130 550
2025500 131 183
2025500 132 314
2025500 133 175
2025500 134 168
2025500 135 126
2026000 128 239
2026000 129 634
2026000 130 550
2026000 131 183
2026000 132 314
2026000 133 175
2026000 134 168
2026000 135 126
2026500 128 239
2026500 129 634
2026500 130 550
2026500 131 183
2026500 132 314
2026500 133 175
2026500 134 168
2026500 135 126
2027000 128 239
2027000 129 634
2027000 130 550
2027000 131 183
2027000 132 314
2027000 133 175
2027000 134 168
2027000 135 126
2027500 128 239
2027500 129 634
2027500 130 550
2027500 131 183
2027500 132 314
2027500 133 175
2027500 134 168
2027500 135 126
2028000 128 239
2028000 129 634
2028000 130 550
2028000 131 183
2028000 132 314
2028000 133 175
2028000 134 168
2028000 135 126
2028500 128 239
2028500 129 634
2028500 130 550
2028500 131 183
2028500 132 314
2028500 133 175
2028500 134 168
2028500 135 126
2029000 128 239
2029000 129 634
2029000 130 550
2029000 131 183
2029000 132 314
2029000 133 175
2029000 134 168
2029000 135 126
2029500 128 239
2029500 129 634
2029500 130 550
2029500 131 183
2029500 132 314
2029500 133 175
2029500 134 168
2029500 135 126
2030000 128 239
2030000 129 634
2030000 130 550
2030000 131 183
2030000 132 314
2030000 133 175
2030000 134 168
2030000 135 126
2030500 128 239
2030500 129 634
2030500 130 550
2030500 131 183
2030500 132 314
2030500 133 175
2030500 134 168
2030500 135 126
2031000 128 239
2031000 129 634
2031000 130 550
2031000 131 183
2031000 132 314
2031000 133 175
2031000 134 168
2031000 135 126
2031500 128 239
2031500 129 634
2031500 130 550
2031500 131 183
2031500 132 314
2031500 133 175
2031500 134 168
2031500 135 126
2032000 128 239
2032000 129 634
2032000 130 550
2032000 131 183
2032000 132 314
2032000 133 175
2032000 134 168
2032000 135 126
2032500 128 239
2032500 129 634
2032500 130 550
2032500 131 183
2032500 132 314
2032500 133 175
2032500 134 168
2032500 135 126
2033000 128 239
2033000 129 634
2033000 130 550
2033000 131 183
2033000 132 314
2033000 133 175
2033000 134 168
2033000 135 126
2033500 128 239
2033500 129 634
2033500 130 550
2033500 131 183
2033500 132 314
2033500 133 175
2033500 134 168
2033500 135 126
2034000 128 239
2034000 129 634
2034000 130 550
2034000 131 183
2034000 132 314
2034000 133 175
2034000 134 168
2034000 135 126
2034500 128 239
2034500 129 634
2034500 130 550
2034500 131 183
2034500 132 314
2034500 133 175
2034500 134 168
2034500 135 126
2035000 128 239
2035000 129 634
2035000 130 550
2035000 131 183
2035000 132 314
2035000 133 175
2035000 134 168
2035000 135 126
2035500 128 239
2035500 129 634
2035500 130 550
2035500 131 183
2035500 132 314
2035500 133 175
2035500 134 168
2035500 135 126
2036000 128 239
2036000 129 634
2036000 130 550
2036000 131 183
2036000 132 314
2036000 133 175
2036000 134 168
2036000 135 126
2036500 128 239
2036500 129 634
2036500 130 550
2036500 131 183
2036500 132 314
2036500 133 175
2036500 134 168
2036500 135 126
2037000 128 239
2037000 129 634
2037000 130 550
2037000 131 183
2037000 132 314
2037000 133 175
2037000 134 168
2037000 135 126
2037500 128 239
2037500 129 634
2037500 130 550
2037500 131 183
2037500 132 314
2037500 133 175
2037500 134 168
2037500 135 126
2038000 128 239
2038000 129 634
2038000 130 550
2038000 131 183
2038000 132 314
2038000 133 175
2038000 134 168
2038000 135 126
2038500 128 239
2038500 129 634
2038500 130 550
2038500 131 183
2038500 132 314
2038500 133 175
2038500 134 168
2038500 135 126
2039000 128 239
2039000 129 634
2039000 130 550
2039000 131 183
2039000 132 314
2039000 133 175
2039000 134 168
2039000 135 126
2039500 128 239
2039500 129 634
2039500 130 550
2039500 131 183
2039500 132 314
2039500 133 175
2039500 134 168
2039500 135 126
2040000 128 239
2040000 129 634
2040000 130 550
2040000 131 183
2040000 132 314
2040000 133 175
2040000 134 168
2040000 135 126
2040500 128 239
2040500 129 634
2040500 130 550
2040500 131 183
2040500 132 314
2040500 133 175
2040500 134 168
2040500 135 126
2041000 128 239
2041000 129 634
2041000 130 550
2041000 131 183
2041000 132 314
2041000 133 175
2041000 134 168
2041000 135 126
2041500 128 239
2041500 129 634
2041500 130 550
2041500 131 183
2041500 132 314
2041500 133 175
2041500 134 168
2041500 135 126
2042000 128 239
2042000 129 634
2042000 130 550
2042000 131 183
2042000 132 314
2042000 133 175
2042000 134 168
2042000 135 126
2042500 128 239
2042500 129 634
2042500 130 550
2042500 131 183
2042500 132 314
2042500 133 175
2042500 134 168
2042500 135 126
2043000 128 239
2043000 129 634
2043000 130 550
2043000 131 183
2043000 132 314
2043000 133 175
2043000 134 168
2043000 135 126
2043500 128 239
2043500 129 634
2043500 130 550
2043500 131 183
2043500 132 314
2043500 133 175
2043500 134 168
2043500 135 126
2044000 128 239
2044000 129 634
2044000 130 550
2044000 131 183
2044000 132 314
2044000 133 175
2044000 134 168
2044000 135 126
2044500 128 239
2044500 129 634
2044500 130 550
2044500 131 183
2044500 132 314
2044500 133 175
2044500 134 168
2044500 135 126
2045000 128 239
2045000 129 634
2045000 130 550
2045000 131 183
2045000 132 314
2045000 133 175
2045000 134 168
2045000 135 126
2045500 128 239
2045500 129 634
2045500 130 550
2045500 131 183
2045500 132 314
2045500 133 175
2045500 134 168
2045500 135 126
2046000 128 239
2046000 129 634
2046000 130 550
2046000 131 183
2046000 132 314
2046000 133 175
2046000 134 168
2046000 135 126
2046500 128 239
2046500 129 634
2046500 130 550
2046500 131 183
2046500 132 314
2046500 133 175
2046500 134 168
2046500 135 126
2047000 128 239
2047000 129 634
2047000 130 550
2047000 131 183
2047000 132 314
2047000 133 175
2047000 134 168
2047000 135 126
2047500 128 239
2047500 129 634
2047500 130 550
2047500 131 183
2047500 132 314
2047500 133 175
2047500 134 168
2047500 135 126
2048000 128 239
2048000 129 634
2048000 130 550
2048000 131 183
2048000 132 314
2048000 133 175
2048000 134 168
2048000 135 126
2048500 128 239
2048500 129 634
2048500 130 550
2048500 131 183
2048500 132 314
2048500 133 175
2048500 134 168
2048500 135 126
2049000 128 239
2049000 129 634
2049000 130 550
2049000 131 183
2049000 132 314
2049000 133 175
2049000 134 168
2049000 135 126
2049500 128 239
2049500 129 634
2049500 130 550
2049500 131 183
2049500 132 314
2049500 133 175
2049500 134 168
2049500 135 126
2050000 128 239
2050000 129 634
2050000 130 550
2050000 131 183
2050000 132 314
2050000 133 175
2050000 134 168
2050000 135 126
2050500 128 239
2050500 129 634
2050500 130 550
2050500 131 183
2050500 132 314
2050500 133 175
2050500 134 168
2050500 135 126
2051000 128 239
2051000 129 634
2051000 130 550
2051000 131 183
2051000 132 314
2051000 133 175
2051000 134 168
2051000 135 126
2051500 128 239
2051500 129 634
2051500 130 550
2051500 131 183
2051500 132 314
2051500 133 175
2051500 134 168
2051500 135 126
2052000 128 239
2052000 129 634
2052000 130 550
2052000 131 183
2052000 132 314
2052000 133 175
2052000 134 168
2052000 135 126
2052500 128 239
2052500 129 634
2052500 130 550
2052500 131 183
2052500 132 314
2052500 133 175
2052500 134 168
2052500 135 126
2053000 128 239
2053000 129 634
2053000 130 550
2053000 131 183
2053000 132 314
2053000 133 175
2053000 134 168
2053000 135 126
2053500 128 239
2053500 129 634
2053500 130 550
2053500 131 183
2053500 132 314
2053500 133 175
2053500 134 168
2053500 135 126
2054000 128 239
2054000 129 634
2054000 130 550
2054000 131 183
2054000 132 314
2054000 133 175
2054000 134 168
2054000 135 126
2054500 128 239
2054500 129 634
2054500 130 550
2054500 131 183
2054500 132 314
2054500 133 175
2054500 134 168
2054500 135 126
2055000 128 239
2055000 129 634
2055000 130 550
2055000 131 183
2055000 132 314
2055000 133 175
2055000 134 168
2055000 135 126
2055500 128 239
2055500 129 634
2055500 130 550
2055500 131 183
2055500 132 314
2055500 133 175
2055500 134 168
2055500 135 126
2056000 128 239
2056000 129 634
2056000 130 550
2056000 131 183
2056000 132 314
2056000 133 175
2056000 134 168
2056000 135 126
2056500 128 239
2056500 129 634
2056500 130 550
2056500 131 183
2056500 132 314
2056500 133 175
2056500 134 168
2056500 135 126
2057000 128 239
2057000 129 634
2057000 130 550
2057000 131 183
2057000 132 314
2057000 133 175
2057000 134 168
2057000 135 126
2057500 128 239
2057500 129 634
2057500 130 550
2057500 131 183
2057500 132 314
2057500 133 175
2057500 134 168
2057500 135 126
2058000 128 239
2058000 129 634
2058000 130 550
2058000 131 183
2058000 132 314
2058000 133 175
2058000 134 168
2058000 135 126
2058500 128 239
2058500 129 634
2058500 130 550
2058500 131 183
2058500 132 314
2058500 133 175
2058500 134 168
2058500 135 126
2059000 128 239
2059000 129 634
2059000 130 550
2059000 131 183
2059000 132 314
2059000 133 175
2059000 134 168
2059000 135 126
2059500 128 239
2059500 129 634
2059500 130 550
2059500 131 183
2059500 132 314
2059500 133 175
2059500 134 168
2059500 135 126
2060000 128 239
2060000 129 634
2060000 130 550
2060000 131 183
2060000 132 314
2060000 133 175
2060000 134 168
2060000 135 126
2060500 128 239
2060500 129 634
2060500 130 550
2060500 131 183
2060500 132 314
2060500 133 175
2060500 134 168
2060500 135 126
2061000 128 239
2061000 129 634
2061000 130 550
2061000 131 183
2061000 132 314
2061000 133 175
2061000 134 168
2061000 135 126
2061500 128 239
2061500 129 634
2061500 130 550
2061500 131 183
2061500 132 314
2061500 133 175
2061500 134 168
2061500 135 126
2062000 128 239
2062000 129 634
2062000 130 550
2062000 131 183
2062000 132 314
2062000 133 175
2062000 134 168
2062000 135 126
2062500 128 239
2062500 129 634
2062500 130 550
2062500 131 183
2062500 132 314
2062500 133 175
2062500 134 168
2062500 135 126
2063000 128 239
2063000 129 634
2063000 130 550
2063000 131 183
2063000 132 314
2063000 133 175
2063000 134 168
2063000 135 126
2063500 128 239
2063500 129 634
2063500 130 550
2063500 131 183
2063500 132 314
2063500 133 175
2063500 134 168
2063500 135 126
2064000 128 239
2064000 129 634
2064000 130 550
2064000 131 183
2064000 132 314
2064000 133 175
2064000 134 168
2064000 135 126
2064500 128 239
2064500 129 634
2064500 130 550
2064500 131 183
2064500 132 314
2064500 133 175
2064500 134 168
2064500 135 126
2065000 128 239
2065000 129 634
2065000 130 550
2065000 131 183
2065000 132 314
2065000 133 175
2065000 134 168
2065000 135 126
2065500 128 239
2065500 129 634
2065500 130 550
2065500 131 183
2065500 132 314
2065500 133 175
2065500 134 168
2065500 135 126
2066000 128 239
2066000 129 634
2066000 130 550
2066000 131 183
2066000 132 314
2066000 133 175
2066000 134 168
2066000 135 126
2066500 128 239
2066500 129 634
2066500 130 550
2066500 131 183
2066500 132 314
2066500 133 175
2066500 134 168
2066500 135 126
2067000 128 239
2067000 129 634
2067000 130 550
2067000 131 183
2067000 132 314
2067000 133 175
2067000 134 168
2067000 135 126
2067500 128 239
2067500 129 634
2067500 130 550
2067500 131 183
2067500 132 314
2067500 133 175
2067500 134 168
2067500 135 126
2068000 128 239
2068000 129 634
2068000 130 550
2068000 131 183
2068000 132 314
2068000 133 175
2068000 134 168
2068000 135 126
2068500 128 239
2068500 129 634
2068500 130 550
2068500 131 183
2068500 132 314
2068500 133 175
2068500 134 168
2068500 135 126
2069000 128 239
2069000 129 634
2069000 130 550
2069000 131 183
2069000 132 314
2069000 133 175
2069000 134 168
2069000 135 126
2069500 128 239
2069500 129 634
2069500 130 550
2069500 131 183
2069500 132 314
2069500 133 175
2069500 134 168
2069500 135 126
2070000 128 239
2070000 129 634
2070000 130 550
2070000 131 183
2070000 132 314
2070000 133 175
2070000 134 168
2070000 135 126
2070500 128 239
2070500 129 634
2070500 130 550
2070500 131 183
2070500 132 314
2070500 133 175
2070500 134 168
2070500 135 126
2071000 128 239
2071000 129 634
2071000 130 550
2071000 131 183
2071000 132 314
2071000 133 175
2071000 134 168
2071000 135 126
2071500 128 239
2071500 129 634
2071500 130 550
2071500 131 183
2071500 132 314
2071500 133 175
2071500 134 168
2071500 135 126
2072000 128 239
2072000 129 634
2072000 130 550
2072000 131 183
2072000 132 314
2072000 133 175
2072000 134 168
2072000 135 126
2072500 128 239
2072500 129 634
2072500 130 550
2072500 131 183
2072500 132 314
2072500 133 175
2072500 134 168
2072500 135 126
2073000 128 239
2073000 129 634
2073000 130 550
2073000 131 183
2073000 132 314
2073000 133 175
2073000 134 168
2073000 135 126
2073500 128 239
2073500 129 634
2073500 130 550
2073500 131 183
2073500 132 314
2073500 133 175
2073500 134 168
2073500 135 126
2074000 128 239
2074000 129 634
2074000 130 550
2074000 131 183
2074000 132 314
2074000 133 175
2074000 134 168
2074000 135 126
2074500 128 239
2074500 129 634
2074500 130 550
2074500 131 183
2074500 132 314
2074500 133 175
2074500 134 168
2074500 135 126
2075000 128 239
2075000 129 634
2075000 130 550
2075000 131 183
2075000 132 314
2075000 133 175
2075000 134 168
2075000 135 126
2075500 128 239
2075500 129 634
2075500 130 550
2075500 131 183
2075500 132 314
2075500 133 175
2075500 134 168
2075500 135 126
2076000 128 239
2076000 129 634
2076000 130 550
2076000 131 183
2076000 132 314
2076000 133 175
2076000 134 168
2076000 135 126
2076500 128 239
2076500 129 634
2076500 130 550
2076500 131 183
2076500 132 314
2076500 133 175
2076500 134 168
2076500 135 126
2077000 128 239
2077000 129 634
2077000 130 550
2077000 131 183
2077000 132 314
2077000 133 175
2077000 134 168
2077000 135 126
2077500 128 239
2077500 129 634
2077500 130 550
2077500 131 183
2077500 132 314
2077500 133 175
2077500 134 168
2077500 135 126
2078000 128 239
2078000 129 634
2078000 130 550
2078000 131 183
2078000 132 314
2078000 133 175
2078000 134 168
2078000 135 126
2078500 128 239
2078500 129 634
2078500 130 550
2078500 131 183
2078500 132 314
2078500 133 175
2078500 134 168
2078500 135 126
2079000 128 239
2079000 129 634
2079000 130 550
2079000 131 183
2079000 132 314
2079000 133 175
2079000 134 168
2079000 135 126
2079500 128 239
2079500 129 634
2079500 130 550
2079500 131 183
2079500 132 314
2079500 133 175
2079500 134 168
2079500 135 126
2080000 128 239
2080000 129 634
2080000 130 550
2080000 131 183
2080000 132 314
2080000 133 175
2080000 134 168
2080000 135 126
2080500 128 239
2080500 129 634
2080500 130 550
2080500 131 183
2080500 132 314
2080500 133 175
2080500 134 168
2080500 135 126
2081000 128 239
2081000 129 634
2081000 130 550
2081000 131 183
2081000 132 314
2081000 133 175
2081000 134 168
2081000 135 126
2081500 128 239
2081500 129 634
2081500 130 550
2081500 131 183
2081500 132 314
2081500 133 175
2081500 134 168
2081500 135 126
2082000 128 239
2082000 129 634
2082000 130 550
2082000 131 183
2082000 132 314
2082000 133 175
2082000 134 168
2082000 135 126
2082500 128 239
2082500 129 634
2082500 130 550
2082500 131 183
2082500 132 314
2082500 133 175
2082500 134 168
2082500 135 126
2083000 128 239
2083000 129 634
2083000 130 550
2083000 131 183
2083000 132 314
2083000 133 175
2083000 134 168
2083000 135 126
2083500 128 239
2083500 129 634
2083500 130 550
2083500 131 183
2083500 132 314
2083500 133 175
2083500 134 168
2083500 135 126
2084000 128 239
2084000 129 634
2084000 130 550
2084000 131 183
2084000 132 314
2084000 133 175
2084000 134 168
2084000 135 126
2084500 128 239
2084500 129 634
2084500 130 550
2084500 131 183
2084500 132 314
2084500 133 175
2084500 134 168
2084500 135 126
2085000 128 239
2085000 129 634
2085000 130 550
2085000 131 183
2085000 132 314
2085000 133 175
2085000 134 168
2085000 135 126
2085500 128 239
2085500 129 634
2085500 130 550
2085500 131 183
2085500 132 314
2085500 133 175
2085500 134 168
2085500 135 126
2086000 128 239
2086000 129 634
2086000 130 550
2086000 131 183
2086000 132 314
2086000 133 175
2086000 134 168
2086000 135 126
2086500 128 239
2086500 129 634
2086500 130 550
2086500 131 183
2086500 132 314
2086500 133 175
2086500 134 168
2086500 135 126
2087000 128 239
2087000 129 634
2087000 130 550
2087000 131 183
2087000 132 314
2087000 133 175
2087000 134 168
2087000 135 126
2087500 128 239
2087500 129 634
2087500 130 550
2087500 131 183
2087500 132 314
2087500 133 175
2087500 134 168
2087500 135 126
2088000 128 239
2088000 129 634
2088000 130 550
2088000 131 183
2088000 132 314
2088000 133 175
2088000 134 168
2088000 135 126
2088500 128 239
2088500 129 634
2088500 130 550
2088500 131 183
2088500 132 314
2088500 133 175
2088500 134 168
2088500 135 126
2089000 128 239
2089000 129 634
2089000 130 550
2089000 131 183
2089000 132 314
2089000 133 175
2089000 134 168
2089000 135 126
2089500 128 239
2089500 129 634
2089500 130 550
2089500 131 183
2089500 132 314
2089500 133 175
2089500 134 168
2089500 135 126
2090000 128 239
2090000 129 634
2090000 130 550
2090000 131 183
2090000 132 314
2090000 133 175
2090000 134 168
2090000 135 126
2090500 128 239
2090500 129 634
2090500 130 550
2090500 131 183
2090500 132 314
2090500 133 175
2090500 134 168
2090500 135 126
2091000 128 239
2091000 129 634
2091000 130 550
2091000 131 183
2091000 132 314
2091000 133 175
2091000 134 168
2091000 135 126
2091500 128 239
2091500 129 634
2091500 130 550
2091500 131 183
2091500 132 314
2091500 133 175
2091500 134 168
2091500 135 126
2092000 128 239
2092000 129 634
2092000 130 550
2092000 131 183
2092000 132 314
2092000 133 175
2092000 134 168
2092000 135 126
2092500 128 239
2092500 129 634
2092500 130 550
2092500 131 183
2092500 132 314
2092500 133 175
2092500 134 168
2092500 135 126
2093000 128 239
2093000 129 634
2093000 130 550
2093000 131 183
2093000 132 314
2093000 133 175
2093000 134 168
2093000 135 126
2093500 128 239
2093500 129 634
2093500 130 550
2093500 131 183
2093500 132 314
2093500 133 175
2093500 134 168
2093500 135 126
2094000 128 239
2094000 129 634
2094000 130 550
2094000 131 183
2094000 132 314
2094000 133 175
2094000 134 168
2094000 135 126
2094500 128 239
2094500 129 634
2094500 130 550
2094500 131 183
2094500 132 314
2094500 133 175
2094500 134 168
2094500 135 126
2095000 128 239
2095000 129 634
2095000 130 550
2095000 131 183
2095000 132 314
2095000 133 175
2095000 134 168
2095000 135 126
2095500 128 239
2095500 129 634
2095500 130 550
2095500 131 183
2095500 132 314
2095500 133 175
2095500 134 168
2095500 135 126
2096000 128 239
2096000 129 634
2096000 130 550
2096000 131 183
2096000 132 314
2096000 133 175
2096000 134 168
2096000 135 126
2096500 128 239
2096500 129 634
2096500 130 550
2096500 131 183
2096500 132 314
2096500 133 175
2096500 134 168
2096500 135 126
2097000 128 239
2097000 129 634
2097000 130 550
2097000 131 183
2097000 132 314
2097000 133 175
2097000 134 168
2097000 135 126
2097500 128 239
2097500 129 634
2097500 130 550
2097500 131 183
2097500 132 314
2097500 133 175
2097500 134 168
2097500 135 126
2098000 128 239
2098000 129 634
2098000 130 550
2098000 131 183
2098000 132 314
2098000 133 175
2098000 134 168
2098000 135 126
2098500 128 239
2098500 129 634
2098500 130 550
2098500 131 183
2098500 132 314
2098500 133 175
2098500 134 168
2098500 135 126
2099000 128 239
2099000 129 634
2099000 130 550
2099000 131 183
2099000 132 314
2099000 133 175
2099000 134 168
2099000 135 126
2099500 128 239
2099500 129 634
2099500 130 550
2099500 131 183
2099500 132 314
2099500 133 175
2099500 134 168
2099500 135 126
2100000 128 239
2100000 129 634
2100000 130 550
2100000 131 183
2100000 132 314
2100000 133 175
2100000 134 168
2100000 135 126
2100500 128 239
2100500 129 634
2100500 130 550
2100500 131 183
2100500 132 314
2100500 133 175
2100500 134 168
2100500 135 126
2101000 128 239
2101000 129 634
2101000 130 550
2101000 131 183
2101000 132 314
2101000 133 175
2101000 134 168
2101000 135 126
2101500 128 239
2101500 129 634
2101500 130 550
2101500 131 183
2101500 132 314
2101500 133 175
2101500 134 168
2101500 135 126
2102000 128 239
2102000 129 634
2102000 130 550
2102000 131 183
2102000 132 314
2102000 133 175
2102000 134 168
2102000 135 126
2102500 128 239
2102500 129 634
2102500 130 550
2102500 131 183
2102500 132 314
2102500 133 175
2102500 134 168
2102500 135 126
2103000 128 239
2103000 129 634
2103000 130 550
2103000 131 183
2103000 132 314
2103000 133 175
2103000 134 168
2103000 135 126
2103500 128 239
2103500 129 634
2103500 130 550
2103500 131 183
2103500 132 314
2103500 133 175
2103500 134 168
2103500 135 126
2104000 128 239
2104000 129 634
2104000 130 550
2104000 131 183
2104000 132 314
2104000 133 175
2104000 134 168
2104000 135 126
