17665.2 1 1 0.0
17708.4 1 2 0.007936507936507936
17811.3 1 3 0.015873015873015872
17918.7 1 4 0.023809523809523808
17938.5 1 5 0.031746031746031744
17972.4 1 6 0.03968253968253968
17977.5 1 7 0.047619047619047616
17996.3 1 8 0.05555555555555555
17998.6 1 9 0.06349206349206349
18018.3 1 10 0.07142857142857142
18173.4 1 11 0.07936507936507936
18224.1 1 12 0.0873015873015873
18234.7 1 13 0.09523809523809523
18289.7 1 14 0.10317460317460317
18541.0 1 15 0.1111111111111111
18764.4 1 16 0.11904761904761904
19047.0 1 17 0.12698412698412698
26544.3 1 18 0.1349206349206349
26693.6 1 19 0.14285714285714285
27629.3 1 20 0.15079365079365079
28916.8 1 21 0.15873015873015872
29543.5 1 22 0.16666666666666666
29693.6 1 23 0.1746031746031746
31453.3 1 24 0.18253968253968253
31709.1 1 25 0.19047619047619047
31854.8 1 26 0.1984126984126984
32042.9 1 27 0.20634920634920634
32268.7 1 28 0.21428571428571427
32430.1 1 29 0.2222222222222222
32508.3 1 30 0.23015873015873015
32571.4 1 31 0.23809523809523808
32736.1 1 32 0.24603174603174602
34240.9 1 33 0.25396825396825395
34349.4 1 34 0.2619047619047619
34438.2 1 35 0.2698412698412698
34677.1 1 36 0.2777777777777778
35776.7 1 37 0.2857142857142857
35793.8 1 38 0.29365079365079366
35866.2 1 39 0.30158730158730157
36429.8 1 40 0.30952380952380953
36706.9 1 41 0.31746031746031744
37006.7 1 42 0.3253968253968254
38393.7 1 43 0.3333333333333333
38627.5 1 44 0.3412698412698413
38657.1 1 45 0.3492063492063492
41488.2 1 46 0.35714285714285715
41693.8 1 47 0.36507936507936506
41757.1 1 48 0.373015873015873
42821.5 1 49 0.38095238095238093
44389.0 1 50 0.3888888888888889
44672.0 1 51 0.3968253968253968
44955.9 1 52 0.40476190476190477
45347.7 1 53 0.4126984126984127
45613.1 1 54 0.42063492063492064
45894.2 1 55 0.42857142857142855
45973.5 1 56 0.4365079365079365
46047.5 1 57 0.4444444444444444
46094.7 1 58 0.4523809523809524
46229.3 1 59 0.4603174603174603
46254.1 1 60 0.46825396825396826
46645.1 1 61 0.47619047619047616
47314.9 1 62 0.48412698412698413
47337.4 1 63 0.49206349206349204
47586.1 1 64 0.5
47626.9 1 65 0.5079365079365079
47906.1 1 66 0.5158730158730159
48024.3 1 67 0.5238095238095238
48122.1 1 68 0.5317460317460317
48488.9 1 69 0.5396825396825397
49194.1 1 70 0.5476190476190477
49351.7 1 71 0.5555555555555556
49716.5 1 72 0.5634920634920635
50334.0 1 73 0.5714285714285714
50467.1 1 74 0.5793650793650794
51434.0 1 75 0.5873015873015873
52235.6 1 76 0.5952380952380952
52581.1 1 77 0.6031746031746031
52647.1 1 78 0.6111111111111112
52718.6 1 79 0.6190476190476191
52829.9 1 80 0.626984126984127
54256.8 1 81 0.6349206349206349
54414.3 1 82 0.6428571428571429
54523.1 1 83 0.6507936507936508
54834.7 1 84 0.6587301587301587
54851.9 1 85 0.6666666666666666
55299.6 1 86 0.6746031746031746
55507.5 1 87 0.6825396825396826
55519.7 1 88 0.6904761904761905
55912.5 1 89 0.6984126984126984
56627.2 1 90 0.7063492063492064
57399.8 1 91 0.7142857142857143
57517.3 1 92 0.7222222222222222
58003.2 1 93 0.7301587301587301
58192.4 1 94 0.7380952380952381
58248.2 1 95 0.746031746031746
58943.9 1 96 0.753968253968254
59082.0 1 97 0.7619047619047619
60900.3 1 98 0.7698412698412699
61215.8 1 99 0.7777777777777778
61863.1 1 100 0.7857142857142857
64304.5 1 101 0.7936507936507936
64342.9 1 102 0.8015873015873016
65021.1 1 103 0.8095238095238095
65307.8 1 104 0.8174603174603174
65890.2 1 105 0.8253968253968254
65993.1 1 106 0.8333333333333334
66209.2 1 107 0.8412698412698413
66944.5 1 108 0.8492063492063492
67932.7 1 109 0.8571428571428571
68469.1 1 110 0.8650793650793651
68753.9 1 111 0.873015873015873
68817.7 1 112 0.8809523809523809
70904.2 1 113 0.8888888888888888
71766.3 1 114 0.8968253968253969
72223.2 1 115 0.9047619047619048
72852.7 1 116 0.9126984126984127
75069.0 1 117 0.9206349206349206
75181.1 1 118 0.9285714285714286
75225.4 1 119 0.9365079365079365
75864.4 1 120 0.9444444444444444
81341.3 1 121 0.9523809523809523
82288.1 1 122 0.9603174603174603
83645.7 1 123 0.9682539682539683
86268.7 1 124 0.9761904761904762
89448.1 1 125 0.9841269841269841
89665.1 1 126 0.9920634920634921
104201.0 1 127 1.0
