0 9 10001 101 100 2000000000 4166 4171
113 127 10000 100 209715200 2000000000 17665159 17586685
66 70 10000 100 209715200 2000000000 17708367 17586685
13 12 10000 100 209715200 2000000000 17811347 17586685
10 7 10000 100 209715200 2000000000 17918669 17586685
117 123 10000 100 209715200 2000000000 17938497 17586685
100 102 10000 100 209715200 2000000000 17972394 17586685
103 99 10000 100 209715200 2000000000 17977486 17586685
98 101 10000 100 209715200 2000000000 17996345 17586685
15 6 10000 100 209715200 2000000000 17998574 17586685
111 108 10000 100 209715200 2000000000 18018331 17586685
74 64 10000 100 209715200 2000000000 18173396 17586685
77 69 10000 100 209715200 2000000000 18224083 17586685
91 86 10000 100 209715200 2000000000 18234739 17586685
125 118 10000 100 209715200 2000000000 18289743 17586685
93 91 10000 100 209715200 2000000000 18540999 17586685
73 77 10000 100 209715200 2000000000 18764413 17586685
37 30 10000 100 209715200 2000000000 19047046 17590845
67 60 10000 100 209715200 2000000000 26544266 17590845
48 126 10000 100 209715200 2000000000 26693648 17590845
68 56 10000 100 209715200 2000000000 27629286 17590845
94 116 10000 100 209715200 2000000000 28916772 17590845
124 38 10000 100 209715200 2000000000 29543482 17590845
122 46 10000 100 209715200 2000000000 29693632 17590845
2 120 10000 100 209715200 2000000000 31453309 17590845
35 89 10000 100 209715200 2000000000 31709141 17590845
57 43 10000 100 209715200 2000000000 31854802 17590845
90 23 10000 100 209715200 2000000000 32042908 17590845
64 125 10000 100 209715200 2000000000 32268743 17590845
82 110 10000 100 209715200 2000000000 32430076 17590845
96 11 10000 100 209715200 2000000000 32508331 17590845
18 109 10000 100 209715200 2000000000 32571359 17590845
30 97 10000 100 209715200 2000000000 32736133 17590845
106 18 10000 100 209715200 2000000000 34240942 17590845
24 93 10000 100 209715200 2000000000 34349352 17590845
81 22 10000 100 209715200 2000000000 34438221 17590845
11 95 10000 100 209715200 2000000000 34677140 17590845
60 114 10000 100 209715200 2000000000 35776737 17590845
114 28 10000 100 209715200 2000000000 35793786 17590845
86 73 10000 100 209715200 2000000000 35866168 17590845
126 13 10000 100 209715200 2000000000 36429813 17590845
45 8 10000 100 209715200 2000000000 36706904 17590845
107 29 10000 100 209715200 2000000000 37006653 17590845
110 88 10000 100 209715200 2000000000 38393710 17590845
63 75 10000 100 209715200 2000000000 38627462 17590845
89 17 10000 100 209715200 2000000000 38657099 17590845
62 84 10000 100 209715200 2000000000 41488224 17590845
23 85 10000 100 209715200 2000000000 41693755 17590845
38 106 10000 100 209715200 2000000000 41757063 17590845
69 25 10000 100 209715200 2000000000 42821483 17590845
26 72 10000 100 209715200 2000000000 44388982 17590845
97 15 10000 100 209715200 2000000000 44672033 17590845
8 27 10000 100 209715200 2000000000 44955875 17590845
6 68 10000 100 209715200 2000000000 45347705 17590845
43 53 10000 100 209715200 2000000000 45613131 17590845
12 111 10000 100 209715200 2000000000 45894173 17590845
99 81 10000 100 209715200 2000000000 45973542 17590845
9 121 10000 100 209715200 2000000000 46047510 17590845
17 3 10000 100 209715200 2000000000 46094678 17590845
121 1 10000 100 209715200 2000000000 46229296 17590845
56 76 10000 100 209715200 2000000000 46254089 17590845
95 47 10000 100 209715200 2000000000 46645112 17590845
5 66 10000 100 209715200 2000000000 47314944 17590845
76 82 10000 100 209715200 2000000000 47337371 17590845
27 63 10000 100 209715200 2000000000 47586073 17590845
28 107 10000 100 209715200 2000000000 47626908 17590845
84 115 10000 100 209715200 2000000000 47906064 17590845
112 87 10000 100 209715200 2000000000 48024331 17590845
88 79 10000 100 209715200 2000000000 48122121 17590845
108 57 10000 100 209715200 2000000000 48488936 17590845
101 80 10000 100 209715200 2000000000 49194132 17590845
115 49 10000 100 209715200 2000000000 49351675 17590845
102 92 10000 100 209715200 2000000000 49716524 17590845
120 61 10000 100 209715200 2000000000 50334021 17590845
22 37 10000 100 209715200 2000000000 50467124 17590845
1 34 10000 100 209715200 2000000000 51433989 17590845
4 26 10000 100 209715200 2000000000 52235637 17590845
49 67 10000 100 209715200 2000000000 52581144 17590845
58 36 10000 100 209715200 2000000000 52647120 17590845
34 122 10000 100 209715200 2000000000 52718594 17590845
14 20 10000 100 209715200 2000000000 52829921 17590845
87 124 10000 100 209715200 2000000000 54256800 17590845
19 83 10000 100 209715200 2000000000 54414311 17590845
78 32 10000 100 209715200 2000000000 54523069 17590845
46 19 10000 100 209715200 2000000000 54834656 17590845
51 100 10000 100 209715200 2000000000 54851907 17590845
54 41 10000 100 209715200 2000000000 55299624 17590845
55 113 10000 100 209715200 2000000000 55507495 17590845
21 55 10000 100 209715200 2000000000 55519692 17590845
104 62 10000 100 209715200 2000000000 55912494 17590845
3 40 10000 100 209715200 2000000000 56627199 17590845
123 78 10000 100 209715200 2000000000 57399848 17590845
119 105 10000 100 209715200 2000000000 57517331 17590845
118 94 10000 100 209715200 2000000000 58003242 17590845
40 59 10000 100 209715200 2000000000 58192351 17590845
16 58 10000 100 209715200 2000000000 58248246 17590845
116 65 10000 100 209715200 2000000000 58943907 17590845
75 0 10000 100 209715200 2000000000 59081966 17590845
7 117 10000 100 209715200 2000000000 60900278 17590845
39 52 10000 100 209715200 2000000000 61215791 17590845
85 50 10000 100 209715200 2000000000 61863141 17590845
71 31 10000 100 209715200 2000000000 64304469 17590845
32 104 10000 100 209715200 2000000000 64342913 17590845
25 90 10000 100 209715200 2000000000 65021107 17590845
52 112 10000 100 209715200 2000000000 65307829 17590845
59 45 10000 100 209715200 2000000000 65890220 17590845
79 119 10000 100 209715200 2000000000 65993122 17590845
36 9 10000 100 209715200 2000000000 66209236 17590845
31 51 10000 100 209715200 2000000000 66944489 17590845
70 44 10000 100 209715200 2000000000 67932690 17590845
50 96 10000 100 209715200 2000000000 68469135 17590845
72 42 10000 100 209715200 2000000000 68753921 17590845
105 54 10000 100 209715200 2000000000 68817707 17590845
92 16 10000 100 209715200 2000000000 70904196 17590845
61 33 10000 100 209715200 2000000000 71766289 17590845
127 39 10000 100 209715200 2000000000 72223164 17590845
80 14 10000 100 209715200 2000000000 72852742 17590845
20 74 10000 100 209715200 2000000000 75069017 17590845
83 35 10000 100 209715200 2000000000 75181071 17590845
0 24 10000 100 209715200 2000000000 75225430 17590845
29 4 10000 100 209715200 2000000000 75864448 17590845
47 98 10000 100 209715200 2000000000 81341344 17590845
42 103 10000 100 209715200 2000000000 82288117 17590845
109 5 10000 100 209715200 2000000000 83645666 17590845
33 48 10000 100 209715200 2000000000 86268706 17590845
65 10 10000 100 209715200 2000000000 89448066 17590845
53 71 10000 100 209715200 2000000000 89665118 17590845
41 21 10000 100 209715200 2000000000 91141266 17590845
44 2 10000 100 209715200 2000000000 104201408 17590845
