1.0 1 1 0.0
1.00446 1 2 0.007874015748031496
1.00692 1 3 0.015748031496062992
1.01277 1 4 0.023622047244094488
1.01888 1 5 0.031496062992125984
1.02 1 6 0.03937007874015748
1.02193 1 7 0.047244094488188976
1.02222 1 8 0.05511811023622047
1.02329 1 9 0.06299212598425197
1.02342 1 10 0.07086614173228346
1.02454 1 11 0.07874015748031496
1.03336 1 12 0.08661417322834646
1.03624 1 13 0.09448818897637795
1.03685 1 14 0.10236220472440945
1.03998 1 15 0.11023622047244094
1.05426 1 16 0.11811023622047244
1.06697 1 17 0.12598425196850394
1.08278 1 18 0.13385826771653545
1.50898 1 19 0.14173228346456693
1.51747 1 20 0.14960629921259844
1.57066 1 21 0.15748031496062992
1.64385 1 22 0.16535433070866143
1.67948 1 23 0.1732283464566929
1.68802 1 24 0.18110236220472442
1.78805 1 25 0.1889763779527559
1.80259 1 26 0.1968503937007874
1.81087 1 27 0.2047244094488189
1.82157 1 28 0.2125984251968504
1.83441 1 29 0.2204724409448819
1.84358 1 30 0.2283464566929134
1.84803 1 31 0.23622047244094488
1.85161 1 32 0.2440944881889764
1.86098 1 33 0.25196850393700787
1.94652 1 34 0.25984251968503935
1.95268 1 35 0.2677165354330709
1.95774 1 36 0.2755905511811024
1.97132 1 37 0.28346456692913385
2.03383 1 38 0.29133858267716534
2.0348 1 39 0.2992125984251969
2.03891 1 40 0.30708661417322836
2.07095 1 41 0.31496062992125984
2.0867 1 42 0.3228346456692913
2.10375 1 43 0.33070866141732286
2.1826 1 44 0.33858267716535434
2.19588 1 45 0.3464566929133858
2.19757 1 46 0.3543307086614173
2.35851 1 47 0.36220472440944884
2.3702 1 48 0.3700787401574803
2.3738 1 49 0.3779527559055118
2.43431 1 50 0.3858267716535433
2.52341 1 51 0.3937007874015748
2.5395 1 52 0.4015748031496063
2.55564 1 53 0.4094488188976378
2.57792 1 54 0.41732283464566927
2.593 1 55 0.4251968503937008
2.60898 1 56 0.4330708661417323
2.61349 1 57 0.4409448818897638
2.6177 1 58 0.44881889763779526
2.62038 1 59 0.4566929133858268
2.62803 1 60 0.4645669291338583
2.62944 1 61 0.47244094488188976
2.65167 1 62 0.48031496062992124
2.68975 1 63 0.4881889763779528
2.69102 1 64 0.49606299212598426
2.70516 1 65 0.5039370078740157
2.70748 1 66 0.5118110236220472
2.72335 1 67 0.5196850393700787
2.73008 1 68 0.5275590551181102
2.73563 1 69 0.5354330708661418
2.75649 1 70 0.5433070866141733
2.79658 1 71 0.5511811023622047
2.80553 1 72 0.5590551181102362
2.82627 1 73 0.5669291338582677
2.86138 1 74 0.5748031496062992
2.86894 1 75 0.5826771653543307
2.92391 1 76 0.5905511811023622
2.96948 1 77 0.5984251968503937
2.98912 1 78 0.6062992125984252
2.99287 1 79 0.6141732283464567
2.99693 1 80 0.6220472440944882
3.00326 1 81 0.6299212598425197
3.08438 1 82 0.6377952755905512
3.09333 1 83 0.6456692913385826
3.09951 1 84 0.6535433070866141
3.11723 1 85 0.6614173228346457
3.11821 1 86 0.6692913385826772
3.14366 1 87 0.6771653543307087
3.15548 1 88 0.6850393700787402
3.15617 1 89 0.6929133858267716
3.1785 1 90 0.7007874015748031
3.21913 1 91 0.7086614173228346
3.26305 1 92 0.7165354330708661
3.26973 1 93 0.7244094488188977
3.29735 1 94 0.7322834645669292
3.3081 1 95 0.7401574803149606
3.31128 1 96 0.7480314960629921
3.35083 1 97 0.7559055118110236
3.35868 1 98 0.7637795275590551
3.46204 1 99 0.7716535433070866
3.47998 1 100 0.7795275590551181
3.51678 1 101 0.7874015748031497
3.65556 1 102 0.7952755905511811
3.65775 1 103 0.8031496062992126
3.6963 1 104 0.8110236220472441
3.7126 1 105 0.8188976377952756
3.74571 1 106 0.8267716535433071
3.75156 1 107 0.8346456692913385
3.76385 1 108 0.84251968503937
3.80564 1 109 0.8503937007874016
3.86182 1 110 0.8582677165354331
3.89232 1 111 0.8661417322834646
3.90851 1 112 0.8740157480314961
3.91213 1 113 0.8818897637795275
4.03074 1 114 0.889763779527559
4.07975 1 115 0.8976377952755905
4.10572 1 116 0.905511811023622
4.14151 1 117 0.9133858267716536
4.2675 1 118 0.9212598425196851
4.27387 1 119 0.9291338582677166
4.2764 1 120 0.937007874015748
4.31272 1 121 0.9448818897637795
4.62407 1 122 0.952755905511811
4.67789 1 123 0.9606299212598425
4.75507 1 124 0.968503937007874
4.90418 1 125 0.9763779527559056
5.08492 1 126 0.984251968503937
5.09726 1 127 0.9921259842519685
5.18118 1 128 1.0
