4.166 1 1 0.0
17665.2 1 2 0.007874015748031496
17708.4 1 3 0.015748031496062992
17811.3 1 4 0.023622047244094488
17918.7 1 5 0.031496062992125984
17938.5 1 6 0.03937007874015748
17972.4 1 7 0.047244094488188976
17977.5 1 8 0.05511811023622047
17996.3 1 9 0.06299212598425197
17998.6 1 10 0.07086614173228346
18018.3 1 11 0.07874015748031496
18173.4 1 12 0.08661417322834646
18224.1 1 13 0.09448818897637795
18234.7 1 14 0.10236220472440945
18289.7 1 15 0.11023622047244094
18541.0 1 16 0.11811023622047244
18764.4 1 17 0.12598425196850394
19047.0 1 18 0.13385826771653545
26544.3 1 19 0.14173228346456693
26693.6 1 20 0.14960629921259844
27629.3 1 21 0.15748031496062992
28916.8 1 22 0.16535433070866143
29543.5 1 23 0.1732283464566929
29693.6 1 24 0.18110236220472442
31453.3 1 25 0.1889763779527559
31709.1 1 26 0.1968503937007874
31854.8 1 27 0.2047244094488189
32042.9 1 28 0.2125984251968504
32268.7 1 29 0.2204724409448819
32430.1 1 30 0.2283464566929134
32508.3 1 31 0.23622047244094488
32571.4 1 32 0.2440944881889764
32736.1 1 33 0.25196850393700787
34240.9 1 34 0.25984251968503935
34349.4 1 35 0.2677165354330709
34438.2 1 36 0.2755905511811024
34677.1 1 37 0.28346456692913385
35776.7 1 38 0.29133858267716534
35793.8 1 39 0.2992125984251969
35866.2 1 40 0.30708661417322836
36429.8 1 41 0.31496062992125984
36706.9 1 42 0.3228346456692913
37006.7 1 43 0.33070866141732286
38393.7 1 44 0.33858267716535434
38627.5 1 45 0.3464566929133858
38657.1 1 46 0.3543307086614173
41488.2 1 47 0.36220472440944884
41693.8 1 48 0.3700787401574803
41757.1 1 49 0.3779527559055118
42821.5 1 50 0.3858267716535433
44389.0 1 51 0.3937007874015748
44672.0 1 52 0.4015748031496063
44955.9 1 53 0.4094488188976378
45347.7 1 54 0.41732283464566927
45613.1 1 55 0.4251968503937008
45894.2 1 56 0.4330708661417323
45973.5 1 57 0.4409448818897638
46047.5 1 58 0.44881889763779526
46094.7 1 59 0.4566929133858268
46229.3 1 60 0.4645669291338583
46254.1 1 61 0.47244094488188976
46645.1 1 62 0.48031496062992124
47314.9 1 63 0.4881889763779528
47337.4 1 64 0.49606299212598426
47586.1 1 65 0.5039370078740157
47626.9 1 66 0.5118110236220472
47906.1 1 67 0.5196850393700787
48024.3 1 68 0.5275590551181102
48122.1 1 69 0.5354330708661418
48488.9 1 70 0.5433070866141733
49194.1 1 71 0.5511811023622047
49351.7 1 72 0.5590551181102362
49716.5 1 73 0.5669291338582677
50334.0 1 74 0.5748031496062992
50467.1 1 75 0.5826771653543307
51434.0 1 76 0.5905511811023622
52235.6 1 77 0.5984251968503937
52581.1 1 78 0.6062992125984252
52647.1 1 79 0.6141732283464567
52718.6 1 80 0.6220472440944882
52829.9 1 81 0.6299212598425197
54256.8 1 82 0.6377952755905512
54414.3 1 83 0.6456692913385826
54523.1 1 84 0.6535433070866141
54834.7 1 85 0.6614173228346457
54851.9 1 86 0.6692913385826772
55299.6 1 87 0.6771653543307087
55507.5 1 88 0.6850393700787402
55519.7 1 89 0.6929133858267716
55912.5 1 90 0.7007874015748031
56627.2 1 91 0.7086614173228346
57399.8 1 92 0.7165354330708661
57517.3 1 93 0.7244094488188977
58003.2 1 94 0.7322834645669292
58192.4 1 95 0.7401574803149606
58248.2 1 96 0.7480314960629921
58943.9 1 97 0.7559055118110236
59082.0 1 98 0.7637795275590551
60900.3 1 99 0.7716535433070866
61215.8 1 100 0.7795275590551181
61863.1 1 101 0.7874015748031497
64304.5 1 102 0.7952755905511811
64342.9 1 103 0.8031496062992126
65021.1 1 104 0.8110236220472441
65307.8 1 105 0.8188976377952756
65890.2 1 106 0.8267716535433071
65993.1 1 107 0.8346456692913385
66209.2 1 108 0.84251968503937
66944.5 1 109 0.8503937007874016
67932.7 1 110 0.8582677165354331
68469.1 1 111 0.8661417322834646
68753.9 1 112 0.8740157480314961
68817.7 1 113 0.8818897637795275
70904.2 1 114 0.889763779527559
71766.3 1 115 0.8976377952755905
72223.2 1 116 0.905511811023622
72852.7 1 117 0.9133858267716536
75069.0 1 118 0.9212598425196851
75181.1 1 119 0.9291338582677166
75225.4 1 120 0.937007874015748
75864.4 1 121 0.9448818897637795
81341.3 1 122 0.952755905511811
82288.1 1 123 0.9606299212598425
83645.7 1 124 0.968503937007874
86268.7 1 125 0.9763779527559056
89448.1 1 126 0.984251968503937
89665.1 1 127 0.9921259842519685
104201.0 1 128 1.0
