1.00446 1 1 0.0
1.00692 1 2 0.007936507936507936
1.01277 1 3 0.015873015873015872
1.01888 1 4 0.023809523809523808
1.02 1 5 0.031746031746031744
1.02193 1 6 0.03968253968253968
1.02222 1 7 0.047619047619047616
1.02329 1 8 0.05555555555555555
1.02342 1 9 0.06349206349206349
1.02454 1 10 0.07142857142857142
1.03336 1 11 0.07936507936507936
1.03624 1 12 0.0873015873015873
1.03685 1 13 0.09523809523809523
1.03998 1 14 0.10317460317460317
1.05426 1 15 0.1111111111111111
1.06697 1 16 0.11904761904761904
1.08278 1 17 0.12698412698412698
1.50898 1 18 0.1349206349206349
1.51747 1 19 0.14285714285714285
1.57066 1 20 0.15079365079365079
1.64385 1 21 0.15873015873015872
1.67948 1 22 0.16666666666666666
1.68802 1 23 0.1746031746031746
1.78805 1 24 0.18253968253968253
1.80259 1 25 0.19047619047619047
1.81087 1 26 0.1984126984126984
1.82157 1 27 0.20634920634920634
1.83441 1 28 0.21428571428571427
1.84358 1 29 0.2222222222222222
1.84803 1 30 0.23015873015873015
1.85161 1 31 0.23809523809523808
1.86098 1 32 0.24603174603174602
1.94652 1 33 0.25396825396825395
1.95268 1 34 0.2619047619047619
1.95774 1 35 0.2698412698412698
1.97132 1 36 0.2777777777777778
2.03383 1 37 0.2857142857142857
2.0348 1 38 0.29365079365079366
2.03891 1 39 0.30158730158730157
2.07095 1 40 0.30952380952380953
2.0867 1 41 0.31746031746031744
2.10375 1 42 0.3253968253968254
2.1826 1 43 0.3333333333333333
2.19588 1 44 0.3412698412698413
2.19757 1 45 0.3492063492063492
2.35851 1 46 0.35714285714285715
2.3702 1 47 0.36507936507936506
2.3738 1 48 0.373015873015873
2.43431 1 49 0.38095238095238093
2.52341 1 50 0.3888888888888889
2.5395 1 51 0.3968253968253968
2.55564 1 52 0.40476190476190477
2.57792 1 53 0.4126984126984127
2.593 1 54 0.42063492063492064
2.60898 1 55 0.42857142857142855
2.61349 1 56 0.4365079365079365
2.6177 1 57 0.4444444444444444
2.62038 1 58 0.4523809523809524
2.62803 1 59 0.4603174603174603
2.62944 1 60 0.46825396825396826
2.65167 1 61 0.47619047619047616
2.68975 1 62 0.48412698412698413
2.69102 1 63 0.49206349206349204
2.70516 1 64 0.5
2.70748 1 65 0.5079365079365079
2.72335 1 66 0.5158730158730159
2.73008 1 67 0.5238095238095238
2.73563 1 68 0.5317460317460317
2.75649 1 69 0.5396825396825397
2.79658 1 70 0.5476190476190477
2.80553 1 71 0.5555555555555556
2.82627 1 72 0.5634920634920635
2.86138 1 73 0.5714285714285714
2.86894 1 74 0.5793650793650794
2.92391 1 75 0.5873015873015873
2.96948 1 76 0.5952380952380952
2.98912 1 77 0.6031746031746031
2.99287 1 78 0.6111111111111112
2.99693 1 79 0.6190476190476191
3.00326 1 80 0.626984126984127
3.08438 1 81 0.6349206349206349
3.09333 1 82 0.6428571428571429
3.09951 1 83 0.6507936507936508
3.11723 1 84 0.6587301587301587
3.11821 1 85 0.6666666666666666
3.14366 1 86 0.6746031746031746
3.15548 1 87 0.6825396825396826
3.15617 1 88 0.6904761904761905
3.1785 1 89 0.6984126984126984
3.21913 1 90 0.7063492063492064
3.26305 1 91 0.7142857142857143
3.26973 1 92 0.7222222222222222
3.29735 1 93 0.7301587301587301
3.3081 1 94 0.7380952380952381
3.31128 1 95 0.746031746031746
3.35083 1 96 0.753968253968254
3.35868 1 97 0.7619047619047619
3.46204 1 98 0.7698412698412699
3.47998 1 99 0.7777777777777778
3.51678 1 100 0.7857142857142857
3.65556 1 101 0.7936507936507936
3.65775 1 102 0.8015873015873016
3.6963 1 103 0.8095238095238095
3.7126 1 104 0.8174603174603174
3.74571 1 105 0.8253968253968254
3.75156 1 106 0.8333333333333334
3.76385 1 107 0.8412698412698413
3.80564 1 108 0.8492063492063492
3.86182 1 109 0.8571428571428571
3.89232 1 110 0.8650793650793651
3.90851 1 111 0.873015873015873
3.91213 1 112 0.8809523809523809
4.03074 1 113 0.8888888888888888
4.07975 1 114 0.8968253968253969
4.10572 1 115 0.9047619047619048
4.14151 1 116 0.9126984126984127
4.2675 1 117 0.9206349206349206
4.27387 1 118 0.9285714285714286
4.2764 1 119 0.9365079365079365
4.31272 1 120 0.9444444444444444
4.62407 1 121 0.9523809523809523
4.67789 1 122 0.9603174603174603
4.75507 1 123 0.9682539682539683
4.90418 1 124 0.9761904761904762
5.08492 1 125 0.9841269841269841
5.09726 1 126 0.9920634920634921
5.18118 1 127 1.0
