SLOWDOWN#1BDP=104000Bytes
#Category,Avg  ,50%  ,95%   ,99%   ,99.9% 
<1BDP,1.000,1.000,1.000,1.000,1.000
>1BDP,2.701,2.705,4.531,5.094,5.171
#
#
#
#
#
#CDF   Size	Avg   50%   95%    99%    99.9% 
#0.050 209715200	1.011 1.013 1.022 1.022 1.022
#0.100 209715200	1.024 1.023 1.033 1.033 1.033
#0.150 209715200	1.118 1.054 1.509 1.509 1.509
#0.200 209715200	1.648 1.679 1.788 1.788 1.788
#0.250 209715200	1.830 1.834 1.852 1.852 1.852
#0.300 209715200	1.954 1.958 2.034 2.034 2.034
#0.350 209715200	2.086 2.087 2.183 2.183 2.183
#0.400 209715200	2.351 2.370 2.523 2.523 2.523
#0.450 209715200	2.581 2.593 2.613 2.613 2.613
#0.500 209715200	2.647 2.629 2.691 2.691 2.691
#0.550 209715200	2.726 2.730 2.756 2.756 2.756
#0.600 209715200	2.847 2.861 2.924 2.924 2.924
#0.650 209715200	3.018 2.997 3.093 3.093 3.093
#0.700 209715200	3.132 3.144 3.156 3.156 3.156
#0.750 209715200	3.264 3.270 3.311 3.311 3.311
#0.800 209715200	3.471 3.480 3.656 3.656 3.656
#0.850 209715200	3.721 3.746 3.764 3.764 3.764
#0.900 209715200	3.927 3.909 4.080 4.080 4.080
#0.950 209715200	4.230 4.274 4.313 4.313 4.313
#1.000 209715200	4.904 4.904 5.181 5.181 5.181
#
#
#
#
#
ABSOLUTE#1BDP=104000Bytes
#Category,Avg  ,50%  ,95%   ,99%   ,99.9% 
<1BDP,4.166,4.166,4.166,4.166,4.166
>1BDP,47611.628,47586.100,79698.230,89608.680,102369.477
#
#
#
#
#
#CDF  ,Size  ,Avg   ,50%   ,95%    ,99%    ,99.9%   >> scale: us-scale
#0.050 209715200	29218.128 17811.300 104201.000 104201.000 104201.000
#0.100 209715200	17983.600 17996.300 18018.300 18018.300 18018.300
#0.150 209715200	18467.757 18289.700 19047.000 19047.000 19047.000
#0.200 209715200	28170.183 28916.800 29693.600 29693.600 29693.600
#0.250 209715200	32038.171 32042.900 32508.300 32508.300 32508.300
#0.300 209715200	33835.517 34349.400 34677.100 34677.100 34677.100
#0.350 209715200	36263.350 36429.800 37006.700 37006.700 37006.700
#0.400 209715200	40491.271 41488.200 42821.500 42821.500 42821.500
#0.450 209715200	45145.317 45347.700 45894.200 45894.200 45894.200
#0.500 209715200	46365.586 46229.300 47314.900 47314.900 47314.900
#0.550 209715200	47767.150 47906.100 48122.100 48122.100 48122.100
#0.600 209715200	49592.050 49716.500 50467.100 50467.100 50467.100
#0.650 209715200	52671.871 52647.100 54256.800 54256.800 54256.800
#0.700 209715200	54905.183 54851.900 55507.500 55507.500 55507.500
#0.750 209715200	57024.586 57399.800 58192.400 58192.400 58192.400
#0.800 209715200	60042.217 60900.300 61863.100 61863.100 61863.100
#0.850 209715200	65143.267 65307.800 65993.100 65993.100 65993.100
#0.900 209715200	68290.186 68469.100 70904.200 70904.200 70904.200
#0.950 209715200	73719.617 75069.000 75225.400 75225.400 75225.400
#1.000 209715200	84074.486 83645.700 89665.100 89665.100 89665.100
#
#EOF