2000100002 19 17 0 17
2000100002 20 16 0 16
2000100002 26 12 0 12
2000100002 27 19 0 19
2000100002 29 15 0 15
2000700002 20 6 0 6
2000700002 21 6 0 6
2000700002 25 11 0 11
2000700002 29 6 0 6
2000700002 30 3 0 3
2002000002 20 9 0 9
2002000002 21 18 0 18
2002000002 25 22 0 22
2002000002 29 15 0 15
2002000002 30 16 0 16
2002100002 20 3 0 3
2002100002 21 2 0 2
2002100002 25 5 0 5
2002100002 29 4 0 4
2002100002 30 3 0 3
2003100002 20 12 0 12
2003100002 21 12 0 12
2003100002 25 10 0 10
2003100002 29 12 0 12
2003100002 30 15 0 15
2004300002 20 11 0 11
2004300002 21 6 0 6
2004300002 25 5 0 5
2004300002 29 5 0 5
2004300002 30 7 0 7
2005700002 21 1 0 1
2005700002 30 2 0 2
2005800002 20 5 0 5
2005800002 21 8 0 8
2005800002 25 6 0 6
2005800002 29 2 0 2
2005800002 30 5 0 5
2007100002 20 2 0 2
2007100002 21 2 0 2
2007100002 25 3 0 3
2007100002 30 2 0 2
2007200002 20 1 0 1
2007200002 21 4 0 4
2007200002 25 2 0 2
2007200002 29 2 0 2
2007200002 30 4 0 4
2008400002 20 3 0 3
2008400002 21 3 0 3
2008400002 25 5 0 5
2008400002 29 4 0 4
2008400002 30 4 0 4
2009600002 20 2 0 2
2009600002 21 2 0 2
2009600002 25 1 0 1
2009600002 29 2 0 2
2009600002 30 2 0 2
2009700002 20 2 0 2
2009700002 21 2 0 2
2009700002 25 4 0 4
2009700002 29 1 0 1
2009700002 30 1 0 1
2011000002 21 3 0 3
2011000002 25 2 0 2
2011100002 20 3 0 3
2011100002 21 6 0 6
2011100002 25 5 0 5
2011100002 29 4 0 4
2011100002 30 8 0 8
2012700002 20 5 0 5
2012700002 21 5 0 5
2012700002 25 5 0 5
2012700002 29 7 0 7
2012700002 30 7 0 7
2014000002 20 7 0 7
2014000002 21 6 0 6
2014000002 25 3 0 3
2014000002 29 5 0 5
2014000002 30 3 0 3
2014100002 21 1 0 1
2014100002 29 1 0 1
2015200002 21 1 0 1
2015300002 20 4 0 4
2015300002 21 6 0 6
2015300002 25 3 0 3
2015300002 29 6 0 6
2015300002 30 3 0 3
2016600002 21 1 0 1
2016600002 25 1 0 1
2016700002 20 4 0 4
2016700002 21 7 0 7
2016700002 25 5 0 5
2016700002 29 2 0 2
2016700002 30 6 0 6
2018000002 21 1 0 1
2018000002 25 1 0 1
2018000002 30 4 0 4
2018100002 20 2 0 2
2018100002 21 6 0 6
2018100002 25 1 0 1
2018100002 29 4 0 4
2018100002 30 4 0 4
2019400002 20 10 0 10
2019400002 21 8 0 8
2019400002 25 2 0 2
2019400002 29 4 0 4
2019400002 30 5 0 5
2020800002 20 4 0 4
2020800002 21 6 0 6
2020800002 25 4 0 4
2020800002 29 2 0 2
2020800002 30 6 0 6
2020900002 21 1 0 1
2020900002 25 2 0 2
2020900002 29 1 0 1
2020900002 30 2 0 2
2022100002 20 1 0 1
2022100002 30 3 0 3
2022200002 21 7 0 7
2022200002 25 2 0 2
2022200002 29 2 0 2
2022200002 30 2 0 2
2023300002 20 1 0 1
2023300002 21 3 0 3
2023300002 25 1 0 1
2023300002 29 5 0 5
2023300002 30 1 0 1
2023400002 20 3 0 3
2023400002 21 5 0 5
2023400002 25 5 0 5
2023400002 29 3 0 3
2023400002 30 3 0 3
2024900002 20 4 0 4
2024900002 21 8 0 8
2024900002 25 6 0 6
2024900002 29 3 0 3
2024900002 30 3 0 3
2026100002 20 1 0 1
2026100002 21 2 0 2
2026100002 25 1 0 1
2026100002 29 2 0 2
2026100002 30 2 0 2
2026200002 20 2 0 2
2026200002 21 6 0 6
2026200002 25 4 0 4
2026200002 29 3 0 3
2026200002 30 5 0 5
2027500002 20 4 0 4
2027500002 21 7 0 7
2027500002 25 5 0 5
2027500002 29 1 0 1
2027500002 30 6 0 6
2028800002 21 1 0 1
2028800002 25 2 0 2
2028800002 29 3 0 3
2028800002 30 3 0 3
2028900002 20 1 0 1
2028900002 21 2 0 2
2028900002 25 3 0 3
2028900002 29 2 0 2
2028900002 30 1 0 1
2029900002 21 1 0 1
2029900002 25 5 0 5
2029900002 29 3 0 3
2029900002 30 1 0 1
2030000002 21 2 0 2
2030000002 29 1 0 1
2031000002 30 1 0 1
2031100002 20 7 0 7
2031100002 21 7 0 7
2031100002 25 6 0 6
2031100002 29 7 0 7
2031100002 30 5 0 5
2032500002 20 1 0 1
2032500002 25 1 0 1
2032600002 20 5 0 5
2032600002 21 4 0 4
2032600002 25 2 0 2
2032600002 29 3 0 3
2032600002 30 3 0 3
2033800002 20 6 0 6
2033800002 21 7 0 7
2033800002 25 7 0 7
2033800002 29 3 0 3
2033800002 30 5 0 5
2035200002 20 1 0 1
2035200002 21 1 0 1
2035200002 30 1 0 1
2035300002 20 5 0 5
2035300002 21 3 0 3
2035300002 25 4 0 4
2035300002 29 3 0 3
2035300002 30 4 0 4
2036500002 20 5 0 5
2036500002 21 4 0 4
2036500002 25 7 0 7
2036500002 29 4 0 4
2036500002 30 8 0 8
2036600002 25 1 0 1
2037900002 20 5 0 5
2037900002 21 9 0 9
2037900002 25 7 0 7
2037900002 29 4 0 4
2037900002 30 2 0 2
2039200002 20 6 0 6
2039200002 21 4 0 4
2039200002 25 4 0 4
2039200002 29 3 0 3
2039200002 30 7 0 7
2040500002 20 2 0 2
2040500002 21 3 0 3
2040500002 25 1 0 1
2040500002 29 3 0 3
2040500002 30 5 0 5
2040600002 20 1 0 1
2040600002 21 1 0 1
2040600002 25 3 0 3
2040600002 29 1 0 1
2041600002 20 1 0 1
2041700002 20 4 0 4
2041700002 21 6 0 6
2041700002 25 7 0 7
2041700002 29 3 0 3
2041700002 30 4 0 4
2043000002 20 7 0 7
2043000002 21 5 0 5
2043000002 25 4 0 4
2043000002 29 4 0 4
2043000002 30 3 0 3
2044300002 20 2 0 2
2044300002 21 6 0 6
2044300002 25 3 0 3
2044300002 29 1 0 1
2044300002 30 3 0 3
2044400002 20 1 0 1
2044400002 30 2 0 2
2045600002 20 6 0 6
2045600002 21 7 0 7
2045600002 25 4 0 4
2045600002 29 5 0 5
2045600002 30 7 0 7
2047000002 20 3 0 3
2047000002 21 7 0 7
2047000002 25 6 0 6
2047000002 29 10 0 10
2047000002 30 9 0 9
2047100002 30 1 0 1
2048400002 20 1 0 1
2048400002 25 2 0 2
2048400002 30 1 0 1
2048500002 20 2 0 2
2048500002 21 8 0 8
2048500002 25 4 0 4
2048500002 29 1 0 1
2048500002 30 1 0 1
2049700002 20 2 0 2
2049700002 21 1 0 1
2049700002 25 5 0 5
2049700002 29 1 0 1
2049700002 30 3 0 3
2049800002 20 2 0 2
2049800002 21 2 0 2
2049800002 25 2 0 2
2049800002 29 3 0 3
2049800002 30 4 0 4
2051000002 20 1 0 1
2051000002 21 5 0 5
2051000002 25 10 0 10
2051000002 29 3 0 3
2051000002 30 3 0 3
2051100002 29 1 0 1
2052400002 20 2 0 2
2052400002 21 7 0 7
2052400002 25 5 0 5
2052400002 29 4 0 4
2052400002 30 2 0 2
2052500002 21 1 0 1
2052500002 30 1 0 1
2053700002 20 5 0 5
2053700002 21 6 0 6
2053700002 25 8 0 8
2053700002 29 7 0 7
2053700002 30 2 0 2
2053800002 20 2 0 2
2053800002 29 3 0 3
2053800002 30 1 0 1
2055100002 20 5 0 5
2055100002 21 1 0 1
2055100002 25 6 0 6
2055100002 29 3 0 3
2055100002 30 7 0 7
2056300002 20 2 0 2
2056300002 21 4 0 4
2056300002 25 7 0 7
2056300002 29 7 0 7
2056300002 30 4 0 4
2057700002 20 8 0 8
2057700002 21 4 0 4
2057700002 25 3 0 3
2057700002 29 7 0 7
2057700002 30 5 0 5
2059000002 21 7 0 7
2059000002 25 1 0 1
2059000002 29 2 0 2
2059000002 30 5 0 5
2060200002 20 2 0 2
2060200002 21 2 0 2
2060200002 25 6 0 6
2060200002 29 5 0 5
2060200002 30 4 0 4
2061600002 20 2 0 2
2061600002 21 4 0 4
2061600002 25 4 0 4
2061600002 29 11 0 11
2061600002 30 3 0 3
2062900002 20 3 0 3
2062900002 21 5 0 5
2062900002 25 6 0 6
2062900002 29 4 0 4
2062900002 30 5 0 5
2064200002 20 4 0 4
2064200002 21 5 0 5
2064200002 25 5 0 5
2064200002 29 4 0 4
2064200002 30 9 0 9
2065500002 20 2 0 2
2065500002 21 1 0 1
2065500002 25 1 0 1
2065500002 30 3 0 3
2065600002 20 4 0 4
2065600002 21 5 0 5
2065600002 25 7 0 7
2065600002 29 1 0 1
2065600002 30 3 0 3
2067000002 20 9 0 9
2067000002 21 6 0 6
2067000002 25 8 0 8
2067000002 29 3 0 3
2067000002 30 8 0 8
2068400002 20 5 0 5
2068400002 21 3 0 3
2068400002 25 5 0 5
2068400002 29 7 0 7
2068400002 30 4 0 4
2068500002 20 2 0 2
2069800002 20 3 0 3
2069800002 21 3 0 3
2069800002 25 5 0 5
2069800002 29 3 0 3
2069800002 30 5 0 5
2069900002 20 2 0 2
2069900002 21 2 0 2
2069900002 25 3 0 3
2069900002 29 2 0 2
2069900002 30 2 0 2
2071300002 20 5 0 5
2071300002 21 4 0 4
2071300002 25 7 0 7
2071300002 29 4 0 4
2071300002 30 5 0 5
2072600002 30 1 0 1
2072700002 20 4 0 4
2072700002 21 4 0 4
2072700002 25 3 0 3
2072700002 29 8 0 8
2072700002 30 6 0 6
2074000002 20 1 0 1
2074000002 21 2 0 2
2074000002 29 1 0 1
2074000002 30 1 0 1
2074100002 20 2 0 2
2074100002 21 2 0 2
2074100002 25 5 0 5
2074100002 29 5 0 5
2074100002 30 6 0 6
2075400002 20 8 0 8
2075400002 21 3 0 3
2075400002 25 4 0 4
2075400002 29 7 0 7
2075400002 30 7 0 7
2076800002 20 7 0 7
2076800002 21 4 0 4
2076800002 25 4 0 4
2076800002 29 5 0 5
2076800002 30 5 0 5
2076900002 30 1 0 1
2078100002 20 1 0 1
2078100002 21 1 0 1
2078100002 25 4 0 4
2078100002 29 2 0 2
2078100002 30 3 0 3
2078200002 20 3 0 3
2078200002 21 1 0 1
2078200002 25 3 0 3
2078200002 29 3 0 3
2078200002 30 2 0 2
2079500002 21 3 0 3
2079500002 25 4 0 4
2079500002 29 8 0 8
2079500002 30 6 0 6
2080700002 20 3 0 3
2080700002 21 5 0 5
2080700002 25 3 0 3
2080700002 29 1 0 1
2080700002 30 8 0 8
2082100002 20 3 0 3
2082100002 21 9 0 9
2082100002 25 3 0 3
2082100002 30 2 0 2
2083100002 25 1 0 1
2083100002 29 1 0 1
2083200002 20 5 0 5
2083200002 21 7 0 7
2083200002 25 3 0 3
2083200002 29 7 0 7
2083200002 30 2 0 2
2084500002 29 1 0 1
2084500002 30 1 0 1
2084600002 20 4 0 4
2084600002 21 8 0 8
2084600002 25 2 0 2
2084600002 29 1 0 1
2084600002 30 4 0 4
2085800002 20 7 0 7
2085800002 21 6 0 6
2085800002 25 4 0 4
2085800002 29 4 0 4
2085800002 30 8 0 8
2087200002 20 4 0 4
2087200002 21 4 0 4
2087200002 25 1 0 1
2087200002 29 4 0 4
2087200002 30 7 0 7
2088600002 20 5 0 5
2088600002 21 3 0 3
2088600002 25 5 0 5
2088600002 29 2 0 2
2088600002 30 4 0 4
2088700002 20 1 0 1
2088700002 21 1 0 1
2088700002 30 2 0 2
2089800002 20 2 0 2
2089800002 21 4 0 4
2089800002 29 3 0 3
2089800002 30 1 0 1
2089900002 20 2 0 2
2089900002 21 2 0 2
2089900002 29 2 0 2
2089900002 30 4 0 4
2091300002 20 1 0 1
2091300002 21 1 0 1
2091300002 29 1 0 1
2091400002 20 7 0 7
2091400002 21 6 0 6
2091400002 25 3 0 3
2091400002 29 3 0 3
2091400002 30 4 0 4
2092600002 20 1 0 1
2092600002 25 4 0 4
2092600002 30 1 0 1
2092700002 20 5 0 5
2092700002 21 4 0 4
2092700002 25 4 0 4
2092700002 29 4 0 4
2094000002 20 4 0 4
2094000002 21 6 0 6
2094000002 25 3 0 3
2094000002 29 9 0 9
2094000002 30 2 0 2
2095300002 20 3 0 3
2095300002 21 3 0 3
2095300002 25 1 0 1
2095300002 29 4 0 4
2095300002 30 2 0 2
2095400002 20 5 0 5
2095400002 21 2 0 2
2095400002 25 4 0 4
2095400002 29 4 0 4
2095400002 30 1 0 1
2096600002 20 11 0 11
2096600002 21 2 0 2
2096600002 25 3 0 3
2096600002 29 4 0 4
2096600002 30 6 0 6
2096700002 20 4 0 4
2096700002 21 1 0 1
2096700002 29 5 0 5
2096700002 30 4 0 4
2098200002 20 1 0 1
2098200002 21 1 0 1
2098200002 25 2 0 2
2098200002 29 2 0 2
2098300002 20 3 0 3
2098300002 21 5 0 5
2098300002 25 6 0 6
2098300002 29 5 0 5
2098300002 30 3 0 3
2099400002 20 3 0 3
2099400002 21 7 0 7
2099400002 25 4 0 4
2099400002 29 5 0 5
2099400002 30 1 0 1
2100700002 20 7 0 7
2100700002 21 9 0 9
2100700002 25 3 0 3
2100700002 29 1 0 1
2100700002 30 4 0 4
2102000002 20 7 0 7
2102000002 21 3 0 3
2102000002 25 6 0 6
2102000002 29 5 0 5
2102000002 30 5 0 5
2102100002 21 1 0 1
2102100002 25 1 0 1
2103300002 20 5 0 5
2103300002 21 5 0 5
2103300002 25 10 0 10
2103300002 29 3 0 3
2103300002 30 4 0 4
2104600002 20 5 0 5
2104600002 21 5 0 5
2104600002 25 6 0 6
2104600002 29 4 0 4
2104600002 30 9 0 9
2106000002 20 8 0 8
2106000002 21 4 0 4
2106000002 25 4 0 4
2106000002 29 5 0 5
2106000002 30 6 0 6
2106100002 21 1 0 1
2106100002 30 1 0 1
2107300002 20 5 0 5
2107300002 21 5 0 5
2107300002 25 4 0 4
2107300002 29 5 0 5
2107300002 30 2 0 2
2107400002 21 4 0 4
2107400002 25 1 0 1
2107400002 30 3 0 3
2108700002 20 1 0 1
2108700002 21 2 0 2
2108700002 25 2 0 2
2108700002 29 3 0 3
2108700002 30 2 0 2
2108800002 20 2 0 2
2108800002 21 1 0 1
2108800002 29 3 0 3
2108800002 30 8 0 8
2110100002 20 4 0 4
2110100002 21 3 0 3
2110100002 25 6 0 6
2110100002 29 6 0 6
2110100002 30 4 0 4
2110200002 20 1 0 1
2110200002 21 1 0 1
2110200002 29 1 0 1
2110200002 30 1 0 1
2111300002 20 3 0 3
2111300002 25 2 0 2
2111300002 29 5 0 5
2111300002 30 5 0 5
2111400002 21 1 0 1
2111400002 25 2 0 2
2111400002 29 1 0 1
2112700002 20 1 0 1
2112700002 21 2 0 2
2112700002 25 3 0 3
2112700002 29 4 0 4
2112700002 30 6 0 6
2112800002 20 1 0 1
2112800002 21 1 0 1
2112800002 25 1 0 1
2112800002 30 1 0 1
2114100002 21 2 0 2
2114100002 25 1 0 1
2114100002 29 1 0 1
2114100002 30 4 0 4
2114200002 20 3 0 3
2114200002 29 4 0 4
2114200002 30 5 0 5
2115500002 20 2 0 2
2115500002 21 1 0 1
2115500002 25 5 0 5
2115500002 29 1 0 1
2115500002 30 1 0 1
2115600002 20 4 0 4
2115600002 21 1 0 1
2115600002 25 3 0 3
2115600002 30 2 0 2
2117000002 21 1 0 1
2117000002 25 1 0 1
2117100002 20 7 0 7
2117100002 21 5 0 5
2117100002 25 2 0 2
2117100002 29 7 0 7
2117100002 30 2 0 2
2118500002 20 5 0 5
2118500002 21 4 0 4
2118500002 25 3 0 3
2118500002 29 7 0 7
2118500002 30 9 0 9
2119900002 20 4 0 4
2119900002 21 4 0 4
2119900002 25 7 0 7
2119900002 29 5 0 5
2119900002 30 1 0 1
2120000002 20 1 0 1
2120000002 29 1 0 1
2121300002 20 1 0 1
2121300002 25 3 0 3
2121300002 29 2 0 2
2121300002 30 2 0 2
2121400002 20 2 0 2
2121400002 21 5 0 5
2121400002 25 5 0 5
2121400002 29 3 0 3
2121400002 30 5 0 5
2122700002 20 2 0 2
2122700002 30 1 0 1
2122800002 20 2 0 2
2122800002 25 6 0 6
2122800002 29 5 0 5
2122800002 30 3 0 3
2123800002 20 5 0 5
2123800002 21 1 0 1
2123800002 25 3 0 3
2123800002 30 1 0 1
2123900002 20 1 0 1
2123900002 21 4 0 4
2123900002 25 2 0 2
2123900002 29 3 0 3
2123900002 30 3 0 3
2125000002 20 1 0 1
2125000002 21 2 0 2
2125000002 25 2 0 2
2125000002 29 1 0 1
2125000002 30 4 0 4
2125100002 21 3 0 3
2125100002 25 2 0 2
2125100002 29 3 0 3
2125100002 30 4 0 4
2126300002 20 1 0 1
2126300002 21 4 0 4
2126300002 25 2 0 2
2126300002 29 2 0 2
2126300002 30 1 0 1
2126400002 20 3 0 3
2126400002 21 1 0 1
2126400002 25 3 0 3
2126400002 29 2 0 2
2126400002 30 3 0 3
2127600002 20 2 0 2
2127600002 21 2 0 2
2127600002 25 1 0 1
2127600002 29 2 0 2
2127600002 30 2 0 2
2127700002 20 3 0 3
2127700002 21 5 0 5
2127700002 25 4 0 4
2127700002 29 4 0 4
2127700002 30 3 0 3
2128900002 21 2 0 2
2128900002 25 1 0 1
2128900002 30 3 0 3
2129000002 20 2 0 2
2129000002 21 7 0 7
2129000002 25 5 0 5
2129000002 29 9 0 9
2129000002 30 9 0 9
2130200002 30 1 0 1
2130300002 20 3 0 3
2130300002 21 9 0 9
2130300002 25 5 0 5
2130300002 29 2 0 2
2130300002 30 5 0 5
2131500002 25 1 0 1
2131500002 29 1 0 1
2131500002 30 1 0 1
2131600002 20 5 0 5
2131600002 21 6 0 6
2131600002 25 5 0 5
2131600002 29 2 0 2
2131600002 30 12 0 12
2133100002 20 2 0 2
2133100002 21 2 0 2
2133100002 25 2 0 2
2133100002 29 1 0 1
2133100002 30 1 0 1
2133200002 20 8 0 8
2133200002 21 6 0 6
2133200002 25 8 0 8
2133200002 29 4 0 4
2133200002 30 8 0 8
2134600002 20 3 0 3
2134600002 21 1 0 1
2134600002 25 3 0 3
2134600002 29 2 0 2
2134600002 30 2 0 2
2134700002 20 2 0 2
2134700002 21 2 0 2
2134700002 25 4 0 4
2134700002 29 3 0 3
2134700002 30 2 0 2
2135900002 20 4 0 4
2135900002 21 1 0 1
2135900002 25 3 0 3
2135900002 29 2 0 2
2135900002 30 3 0 3
2136000002 20 4 0 4
2136000002 21 3 0 3
2136000002 25 4 0 4
2136000002 29 2 0 2
2136000002 30 2 0 2
2137200002 20 1 0 1
2137200002 21 2 0 2
2137200002 25 6 0 6
2137200002 29 5 0 5
2137200002 30 3 0 3
2137300002 20 3 0 3
2137300002 21 2 0 2
2137300002 25 1 0 1
2137300002 29 1 0 1
2137300002 30 3 0 3
2138400002 20 8 0 8
2138400002 21 3 0 3
2138400002 25 4 0 4
2138400002 29 4 0 4
2138400002 30 8 0 8
2138500002 25 1 0 1
2139900002 20 1 0 1
2139900002 25 2 0 2
2139900002 29 1 0 1
2139900002 30 2 0 2
2140000002 20 1 0 1
2140000002 21 6 0 6
2140000002 25 5 0 5
2140000002 29 6 0 6
2140000002 30 5 0 5
2141300002 20 5 0 5
2141300002 21 1 0 1
2141300002 25 5 0 5
2141300002 30 3 0 3
2141400002 20 5 0 5
2141400002 21 2 0 2
2141400002 25 2 0 2
2141400002 29 2 0 2
2141400002 30 4 0 4
2142700002 20 3 0 3
2142700002 21 1 0 1
2142700002 25 4 0 4
2142700002 30 3 0 3
2142800002 20 2 0 2
2142800002 21 3 0 3
2142800002 29 3 0 3
2142800002 30 3 0 3
2144000002 20 1 0 1
2144000002 21 1 0 1
2144100002 20 5 0 5
2144100002 21 4 0 4
2144100002 25 9 0 9
2144100002 29 5 0 5
2144100002 30 6 0 6
2145400002 20 2 0 2
2145400002 21 2 0 2
2145400002 25 4 0 4
2145400002 29 4 0 4
2145400002 30 3 0 3
2145500002 20 2 0 2
2145500002 21 3 0 3
2145500002 25 1 0 1
2145500002 29 2 0 2
2146500002 20 6 0 6
2146500002 21 6 0 6
2146500002 29 1 0 1
2146500002 30 5 0 5
2146600002 20 2 0 2
2146600002 21 2 0 2
2146600002 29 1 0 1
2146600002 30 3 0 3
2147800002 20 2 0 2
2147800002 21 1 0 1
2147800002 25 1 0 1
2147800002 29 4 0 4
2147800002 30 3 0 3
2147900002 20 3 0 3
2147900002 21 1 0 1
2147900002 25 4 0 4
2147900002 29 3 0 3
2147900002 30 3 0 3
2149200002 20 6 0 6
2149200002 21 6 0 6
2149200002 25 8 0 8
2149200002 29 7 0 7
2149200002 30 12 0 12
2150600002 20 2 0 2
2150600002 21 3 0 3
2150600002 25 1 0 1
2150600002 29 2 0 2
2150600002 30 1 0 1
2150700002 20 1 0 1
2150700002 21 1 0 1
2150700002 25 4 0 4
2150700002 29 4 0 4
2150700002 30 5 0 5
2151800002 29 1 0 1
2151800002 30 1 0 1
2151900002 20 4 0 4
2151900002 21 5 0 5
2151900002 25 3 0 3
2151900002 29 7 0 7
2151900002 30 5 0 5
2153300002 30 2 0 2
2153400002 20 4 0 4
2153400002 21 4 0 4
2153400002 25 4 0 4
2153400002 29 4 0 4
2153400002 30 1 0 1
2154700002 20 4 0 4
2154700002 21 3 0 3
2154700002 25 5 0 5
2154700002 29 6 0 6
2154700002 30 4 0 4
2156100002 20 3 0 3
2156100002 21 3 0 3
2156100002 25 3 0 3
2156100002 29 5 0 5
2156100002 30 6 0 6
2157400002 20 10 0 10
2157400002 21 6 0 6
2157400002 25 6 0 6
2157400002 29 3 0 3
2157400002 30 4 0 4
2158600002 25 1 0 1
2158600002 30 1 0 1
2158700002 20 9 0 9
2158700002 21 6 0 6
2158700002 25 2 0 2
2158700002 29 3 0 3
2158700002 30 6 0 6
2159900002 20 2 0 2
2159900002 21 7 0 7
2159900002 25 6 0 6
2159900002 29 1 0 1
2159900002 30 6 0 6
2161400002 20 4 0 4
2161400002 21 2 0 2
2161400002 25 2 0 2
2161400002 29 3 0 3
2161400002 30 6 0 6
2161500002 21 4 0 4
2161500002 25 6 0 6
2161500002 29 3 0 3
2162700002 21 1 0 1
2162700002 25 1 0 1
2162800002 20 6 0 6
2162800002 21 5 0 5
2162800002 25 3 0 3
2162800002 29 4 0 4
2162800002 30 9 0 9
2164200002 20 3 0 3
2164200002 21 2 0 2
2164200002 25 3 0 3
2164200002 29 1 0 1
2164200002 30 1 0 1
2164300002 20 2 0 2
2164300002 21 2 0 2
2164300002 25 4 0 4
2164300002 29 5 0 5
2164300002 30 1 0 1
2165400002 25 1 0 1
2165500002 20 6 0 6
2165500002 21 5 0 5
2165500002 25 2 0 2
2165500002 29 5 0 5
2165500002 30 3 0 3
2166900002 21 1 0 1
2166900002 25 2 0 2
2166900002 29 2 0 2
2167000002 20 1 0 1
2167000002 21 4 0 4
2167000002 29 4 0 4
2167000002 30 2 0 2
2168400002 20 3 0 3
2168400002 21 3 0 3
2168400002 25 5 0 5
2168400002 29 3 0 3
2168400002 30 4 0 4
2168500002 20 2 0 2
2168500002 21 3 0 3
2168500002 25 1 0 1
2168500002 29 1 0 1
2169800002 20 4 0 4
2169800002 21 5 0 5
2169800002 25 4 0 4
2169800002 29 5 0 5
2169800002 30 5 0 5
2169900002 20 2 0 2
2169900002 25 1 0 1
2169900002 30 2 0 2
2171200002 20 8 0 8
2171200002 21 3 0 3
2171200002 25 3 0 3
2171200002 29 1 0 1
2171200002 30 6 0 6
2172600002 20 6 0 6
2172600002 21 5 0 5
2172600002 25 6 0 6
2172600002 29 4 0 4
2172600002 30 6 0 6
2173800002 30 1 0 1
2173900002 20 5 0 5
2173900002 21 7 0 7
2173900002 25 4 0 4
2173900002 29 5 0 5
2173900002 30 7 0 7
2175200002 20 3 0 3
2175200002 21 11 0 11
2175200002 25 2 0 2
2175200002 29 2 0 2
2175200002 30 5 0 5
2175300002 20 1 0 1
2175300002 21 1 0 1
2175300002 25 1 0 1
2175300002 30 1 0 1
2176600002 20 2 0 2
2176600002 21 4 0 4
2176600002 25 3 0 3
2176600002 29 7 0 7
2176600002 30 10 0 10
2178000002 20 7 0 7
2178000002 21 4 0 4
2178000002 25 10 0 10
2178000002 29 4 0 4
2178000002 30 6 0 6
2178100002 25 1 0 1
2178100002 29 1 0 1
2179500002 20 7 0 7
2179500002 21 6 0 6
2179500002 25 8 0 8
2179500002 29 2 0 2
2179500002 30 4 0 4
2180900002 20 7 0 7
2180900002 21 4 0 4
2180900002 25 5 0 5
2180900002 29 5 0 5
2180900002 30 6 0 6
2182300002 20 1 0 1
2182300002 25 2 0 2
2182300002 29 2 0 2
2182300002 30 1 0 1
2182400002 21 7 0 7
2182400002 25 5 0 5
2182400002 29 6 0 6
2182400002 30 4 0 4
2183800002 20 4 0 4
2183800002 21 7 0 7
2183800002 25 3 0 3
2183800002 29 4 0 4
2183800002 30 4 0 4
2183900002 21 1 0 1
2183900002 29 2 0 2
2183900002 30 1 0 1
2185300002 20 3 0 3
2185300002 21 2 0 2
2185300002 25 6 0 6
2185300002 29 3 0 3
2185300002 30 4 0 4
2185400002 20 2 0 2
2185400002 25 1 0 1
2185400002 30 1 0 1
2186700002 20 7 0 7
2186700002 21 5 0 5
2186700002 25 2 0 2
2186700002 29 4 0 4
2186700002 30 6 0 6
2188000002 20 2 0 2
2188000002 21 7 0 7
2188000002 25 2 0 2
2188000002 29 3 0 3
2188000002 30 1 0 1
2188100002 20 3 0 3
2188100002 21 4 0 4
2188100002 25 6 0 6
2188100002 29 2 0 2
2188100002 30 6 0 6
2189500002 20 2 0 2
2189500002 21 5 0 5
2189500002 25 3 0 3
2189500002 29 1 0 1
2189500002 30 3 0 3
2189600002 20 1 0 1
2189600002 21 2 0 2
2189600002 25 4 0 4
2189600002 29 3 0 3
2189600002 30 1 0 1
2190800002 21 4 0 4
2190800002 25 5 0 5
2190800002 29 2 0 2
2190800002 30 2 0 2
2190900002 21 2 0 2
2190900002 25 2 0 2
2190900002 29 3 0 3
2192000002 20 1 0 1
2192100002 20 6 0 6
2192100002 21 8 0 8
2192100002 25 7 0 7
2192100002 29 1 0 1
2192100002 30 8 0 8
2193400002 20 1 0 1
2193400002 25 1 0 1
2193400002 30 2 0 2
2193500002 20 3 0 3
2193500002 21 1 0 1
2193500002 25 5 0 5
2193500002 29 3 0 3
2193500002 30 4 0 4
2194700002 20 6 0 6
2194700002 21 7 0 7
2194700002 25 4 0 4
2194700002 29 4 0 4
2194700002 30 3 0 3
2194800002 21 1 0 1
2194800002 25 2 0 2
2194800002 29 1 0 1
2194800002 30 3 0 3
2196200002 20 5 0 5
2196200002 21 8 0 8
2196200002 25 7 0 7
2196200002 29 4 0 4
2196200002 30 6 0 6
2197500002 29 1 0 1
2197600002 20 6 0 6
2197600002 21 4 0 4
2197600002 25 7 0 7
2197600002 29 4 0 4
2197600002 30 9 0 9
