4.166 1 1 0.0
17658.6 1 2 0.007874015748031496
17674.2 1 3 0.015748031496062992
17800.4 1 4 0.023622047244094488
17840.0 1 5 0.031496062992125984
17939.0 1 6 0.03937007874015748
17986.4 1 7 0.047244094488188976
17995.3 1 8 0.05511811023622047
18114.1 1 9 0.06299212598425197
18116.0 1 10 0.07086614173228346
18135.5 1 11 0.07874015748031496
18185.4 1 12 0.08661417322834646
18227.0 1 13 0.09448818897637795
18232.0 1 14 0.10236220472440945
18297.3 1 15 0.11023622047244094
18599.4 1 16 0.11811023622047244
18698.1 1 17 0.12598425196850394
19008.6 1 18 0.13385826771653545
25428.3 1 19 0.14173228346456693
26214.3 1 20 0.14960629921259844
26219.2 1 21 0.15748031496062992
26977.6 1 22 0.16535433070866143
28248.6 1 23 0.1732283464566929
29306.1 1 24 0.18110236220472442
29662.3 1 25 0.1889763779527559
31691.2 1 26 0.1968503937007874
31806.3 1 27 0.2047244094488189
32283.3 1 28 0.2125984251968504
32495.7 1 29 0.2204724409448819
32514.1 1 30 0.2283464566929134
32596.2 1 31 0.23622047244094488
32606.1 1 32 0.2440944881889764
33915.4 1 33 0.25196850393700787
33999.7 1 34 0.25984251968503935
34398.7 1 35 0.2677165354330709
34422.9 1 36 0.2755905511811024
34442.3 1 37 0.28346456692913385
34858.4 1 38 0.29133858267716534
35280.1 1 39 0.2992125984251969
35506.4 1 40 0.30708661417322836
35982.5 1 41 0.31496062992125984
36202.1 1 42 0.3228346456692913
36351.6 1 43 0.33070866141732286
36510.1 1 44 0.33858267716535434
36547.5 1 45 0.3464566929133858
36657.8 1 46 0.3543307086614173
36666.0 1 47 0.36220472440944884
36855.3 1 48 0.3700787401574803
36939.3 1 49 0.3779527559055118
37388.9 1 50 0.3858267716535433
37664.9 1 51 0.3937007874015748
38163.5 1 52 0.4015748031496063
38397.0 1 53 0.4094488188976378
38764.0 1 54 0.41732283464566927
39148.2 1 55 0.4251968503937008
39389.1 1 56 0.4330708661417323
39568.6 1 57 0.4409448818897638
39584.6 1 58 0.44881889763779526
40035.0 1 59 0.4566929133858268
40346.9 1 60 0.4645669291338583
40917.9 1 61 0.47244094488188976
42173.1 1 62 0.48031496062992124
42187.7 1 63 0.4881889763779528
43411.0 1 64 0.49606299212598426
43958.3 1 65 0.5039370078740157
45409.5 1 66 0.5118110236220472
45465.6 1 67 0.5196850393700787
45558.3 1 68 0.5275590551181102
46130.8 1 69 0.5354330708661418
46677.3 1 70 0.5433070866141733
47380.7 1 71 0.5511811023622047
47446.1 1 72 0.5590551181102362
48552.1 1 73 0.5669291338582677
48992.3 1 74 0.5748031496062992
49502.4 1 75 0.5826771653543307
50561.2 1 76 0.5905511811023622
50627.1 1 77 0.5984251968503937
51662.6 1 78 0.6062992125984252
51711.1 1 79 0.6141732283464567
52844.3 1 80 0.6220472440944882
53159.9 1 81 0.6299212598425197
53165.1 1 82 0.6377952755905512
53227.6 1 83 0.6456692913385826
53311.3 1 84 0.6535433070866141
53514.7 1 85 0.6614173228346457
53656.2 1 86 0.6692913385826772
53663.8 1 87 0.6771653543307087
53784.7 1 88 0.6850393700787402
53849.2 1 89 0.6929133858267716
53988.0 1 90 0.7007874015748031
54246.7 1 91 0.7086614173228346
54429.8 1 92 0.7165354330708661
54745.6 1 93 0.7244094488188977
54767.1 1 94 0.7322834645669292
54768.7 1 95 0.7401574803149606
54921.9 1 96 0.7480314960629921
55040.4 1 97 0.7559055118110236
55176.8 1 98 0.7637795275590551
55288.6 1 99 0.7716535433070866
56475.0 1 100 0.7795275590551181
56664.9 1 101 0.7874015748031497
56709.0 1 102 0.7952755905511811
57449.3 1 103 0.8031496062992126
57487.7 1 104 0.8110236220472441
57635.4 1 105 0.8188976377952756
58515.9 1 106 0.8267716535433071
59199.2 1 107 0.8346456692913385
61073.9 1 108 0.84251968503937
62627.4 1 109 0.8503937007874016
63298.6 1 110 0.8582677165354331
64210.4 1 111 0.8661417322834646
64668.9 1 112 0.8740157480314961
68960.6 1 113 0.8818897637795275
70367.2 1 114 0.889763779527559
70886.9 1 115 0.8976377952755905
71493.9 1 116 0.905511811023622
71768.3 1 117 0.9133858267716536
71781.7 1 118 0.9212598425196851
72058.2 1 119 0.9291338582677166
72818.6 1 120 0.937007874015748
74700.9 1 121 0.9448818897637795
74741.7 1 122 0.952755905511811
76269.3 1 123 0.9606299212598425
77124.4 1 124 0.968503937007874
77292.1 1 125 0.9763779527559056
77933.2 1 126 0.984251968503937
78885.0 1 127 0.9921259842519685
80035.6 1 128 1.0
