0 9 10001 101 100 2000000000 4166 4171
117 123 10000 100 209715200 2000000000 17658559 17586685
113 127 10000 100 209715200 2000000000 17674235 17586685
66 70 10000 100 209715200 2000000000 17800427 17586685
13 12 10000 100 209715200 2000000000 17839984 17586685
10 7 10000 100 209715200 2000000000 17939010 17586685
98 101 10000 100 209715200 2000000000 17986439 17586685
100 102 10000 100 209715200 2000000000 17995294 17586685
15 6 10000 100 209715200 2000000000 18114079 17586685
103 99 10000 100 209715200 2000000000 18115952 17586685
74 64 10000 100 209715200 2000000000 18135501 17586685
111 108 10000 100 209715200 2000000000 18185403 17586685
77 69 10000 100 209715200 2000000000 18227002 17586685
91 86 10000 100 209715200 2000000000 18231958 17586685
125 118 10000 100 209715200 2000000000 18297344 17586685
93 91 10000 100 209715200 2000000000 18599443 17586685
73 77 10000 100 209715200 2000000000 18698147 17586685
37 30 10000 100 209715200 2000000000 19008583 17590845
94 116 10000 100 209715200 2000000000 25428280 17590845
68 56 10000 100 209715200 2000000000 26214303 17590845
2 120 10000 100 209715200 2000000000 26219184 17590845
67 60 10000 100 209715200 2000000000 26977590 17590845
48 126 10000 100 209715200 2000000000 28248590 17590845
108 57 10000 100 209715200 2000000000 29306071 17590845
35 89 10000 100 209715200 2000000000 29662318 17590845
90 23 10000 100 209715200 2000000000 31691192 17590845
64 125 10000 100 209715200 2000000000 31806286 17590845
22 37 10000 100 209715200 2000000000 32283333 17590845
82 110 10000 100 209715200 2000000000 32495675 17590845
96 11 10000 100 209715200 2000000000 32514086 17590845
126 13 10000 100 209715200 2000000000 32596196 17590845
99 81 10000 100 209715200 2000000000 32606110 17590845
6 68 10000 100 209715200 2000000000 33915390 17590845
60 114 10000 100 209715200 2000000000 33999723 17590845
17 3 10000 100 209715200 2000000000 34398716 17590845
12 111 10000 100 209715200 2000000000 34422942 17590845
33 48 10000 100 209715200 2000000000 34442292 17590845
106 18 10000 100 209715200 2000000000 34858395 17590845
110 88 10000 100 209715200 2000000000 35280056 17590845
122 46 10000 100 209715200 2000000000 35506401 17590845
29 4 10000 100 209715200 2000000000 35982497 17590845
107 29 10000 100 209715200 2000000000 36202070 17590845
121 1 10000 100 209715200 2000000000 36351637 17590845
114 28 10000 100 209715200 2000000000 36510104 17590845
124 38 10000 100 209715200 2000000000 36547480 17590845
86 73 10000 100 209715200 2000000000 36657847 17590845
56 76 10000 100 209715200 2000000000 36666046 17590845
5 66 10000 100 209715200 2000000000 36855285 17590845
119 105 10000 100 209715200 2000000000 36939256 17590845
32 104 10000 100 209715200 2000000000 37388861 17590845
115 49 10000 100 209715200 2000000000 37664935 17590845
24 93 10000 100 209715200 2000000000 38163523 17590845
30 97 10000 100 209715200 2000000000 38397037 17590845
89 17 10000 100 209715200 2000000000 38763996 17590845
38 106 10000 100 209715200 2000000000 39148224 17590845
26 72 10000 100 209715200 2000000000 39389100 17590845
20 74 10000 100 209715200 2000000000 39568617 17590845
81 22 10000 100 209715200 2000000000 39584554 17590845
28 107 10000 100 209715200 2000000000 40035019 17590845
63 75 10000 100 209715200 2000000000 40346911 17590845
18 109 10000 100 209715200 2000000000 40917950 17590845
75 0 10000 100 209715200 2000000000 42173080 17590845
11 95 10000 100 209715200 2000000000 42187686 17590845
69 25 10000 100 209715200 2000000000 43410982 17590845
57 43 10000 100 209715200 2000000000 43958320 17590845
40 59 10000 100 209715200 2000000000 45409529 17590845
112 87 10000 100 209715200 2000000000 45465557 17590845
62 84 10000 100 209715200 2000000000 45558334 17590845
102 92 10000 100 209715200 2000000000 46130786 17590845
1 34 10000 100 209715200 2000000000 46677350 17590845
101 80 10000 100 209715200 2000000000 47380702 17590845
39 52 10000 100 209715200 2000000000 47446116 17590845
71 31 10000 100 209715200 2000000000 48552064 17590845
9 121 10000 100 209715200 2000000000 48992256 17590845
54 41 10000 100 209715200 2000000000 49502424 17590845
95 47 10000 100 209715200 2000000000 50561181 17590845
97 15 10000 100 209715200 2000000000 50627055 17590845
27 63 10000 100 209715200 2000000000 51662649 17590845
7 117 10000 100 209715200 2000000000 51711095 17590845
46 19 10000 100 209715200 2000000000 52844344 17590845
51 100 10000 100 209715200 2000000000 53159882 17590845
47 98 10000 100 209715200 2000000000 53165100 17590845
49 67 10000 100 209715200 2000000000 53227551 17590845
118 94 10000 100 209715200 2000000000 53311330 17590845
50 96 10000 100 209715200 2000000000 53514703 17590845
34 122 10000 100 209715200 2000000000 53656174 17590845
84 115 10000 100 209715200 2000000000 53663809 17590845
59 45 10000 100 209715200 2000000000 53784716 17590845
42 103 10000 100 209715200 2000000000 53849189 17590845
58 36 10000 100 209715200 2000000000 53987994 17590845
14 20 10000 100 209715200 2000000000 54246660 17590845
55 113 10000 100 209715200 2000000000 54429828 17590845
87 124 10000 100 209715200 2000000000 54745612 17590845
104 62 10000 100 209715200 2000000000 54767115 17590845
3 40 10000 100 209715200 2000000000 54768692 17590845
52 112 10000 100 209715200 2000000000 54921861 17590845
4 26 10000 100 209715200 2000000000 55040413 17590845
76 82 10000 100 209715200 2000000000 55176819 17590845
78 32 10000 100 209715200 2000000000 55288595 17590845
79 119 10000 100 209715200 2000000000 56475007 17590845
44 2 10000 100 209715200 2000000000 56664943 17590845
23 85 10000 100 209715200 2000000000 56709042 17590845
21 55 10000 100 209715200 2000000000 57449272 17590845
16 58 10000 100 209715200 2000000000 57487655 17590845
70 44 10000 100 209715200 2000000000 57635354 17590845
109 5 10000 100 209715200 2000000000 58515918 17590845
80 14 10000 100 209715200 2000000000 59199179 17590845
85 50 10000 100 209715200 2000000000 61073857 17590845
19 83 10000 100 209715200 2000000000 62627450 17590845
88 79 10000 100 209715200 2000000000 63298632 17590845
8 27 10000 100 209715200 2000000000 64210374 17590845
31 51 10000 100 209715200 2000000000 64668915 17590845
92 16 10000 100 209715200 2000000000 68960563 17590845
116 65 10000 100 209715200 2000000000 70367229 17590845
123 78 10000 100 209715200 2000000000 70886853 17590845
61 33 10000 100 209715200 2000000000 71493883 17590845
127 39 10000 100 209715200 2000000000 71768256 17590845
25 90 10000 100 209715200 2000000000 71781697 17590845
83 35 10000 100 209715200 2000000000 72058165 17590845
36 9 10000 100 209715200 2000000000 72818631 17590845
72 42 10000 100 209715200 2000000000 74700874 17590845
120 61 10000 100 209715200 2000000000 74741738 17590845
45 8 10000 100 209715200 2000000000 76269306 17590845
65 10 10000 100 209715200 2000000000 77124350 17590845
0 24 10000 100 209715200 2000000000 77292105 17590845
41 21 10000 100 209715200 2000000000 77933219 17590845
43 53 10000 100 209715200 2000000000 78884960 17590845
105 54 10000 100 209715200 2000000000 80035641 17590845
53 71 10000 100 209715200 2000000000 85066105 17590845
