1.00409 1 1 0.0
1.00498 1 2 0.007936507936507936
1.01215 1 3 0.015873015873015872
1.0144 1 4 0.023809523809523808
1.02003 1 5 0.031746031746031744
1.02273 1 6 0.03968253968253968
1.02323 1 7 0.047619047619047616
1.02999 1 8 0.05555555555555555
1.03009 1 9 0.06349206349206349
1.03121 1 10 0.07142857142857142
1.03404 1 11 0.07936507936507936
1.03641 1 12 0.0873015873015873
1.03669 1 13 0.09523809523809523
1.04041 1 14 0.10317460317460317
1.05759 1 15 0.1111111111111111
1.0632 1 16 0.11904761904761904
1.0806 1 17 0.12698412698412698
1.44554 1 18 0.1349206349206349
1.49022 1 19 0.14285714285714285
1.4905 1 20 0.15079365079365079
1.53362 1 21 0.15873015873015872
1.60587 1 22 0.16666666666666666
1.66598 1 23 0.1746031746031746
1.68624 1 24 0.18253968253968253
1.80157 1 25 0.19047619047619047
1.80812 1 26 0.1984126984126984
1.83523 1 27 0.20634920634920634
1.84731 1 28 0.21428571428571427
1.84835 1 29 0.2222222222222222
1.85302 1 30 0.23015873015873015
1.85358 1 31 0.23809523809523808
1.92801 1 32 0.24603174603174602
1.93281 1 33 0.25396825396825395
1.95549 1 34 0.2619047619047619
1.95687 1 35 0.2698412698412698
1.95797 1 36 0.2777777777777778
1.98162 1 37 0.2857142857142857
2.00559 1 38 0.29365079365079366
2.01846 1 39 0.30158730158730157
2.04552 1 40 0.30952380952380953
2.05801 1 41 0.31746031746031744
2.06651 1 42 0.3253968253968254
2.07552 1 43 0.3333333333333333
2.07764 1 44 0.3412698412698413
2.08392 1 45 0.3492063492063492
2.08438 1 46 0.35714285714285715
2.09514 1 47 0.36507936507936506
2.09991 1 48 0.373015873015873
2.12547 1 49 0.38095238095238093
2.14117 1 50 0.3888888888888889
2.16951 1 51 0.3968253968253968
2.18279 1 52 0.40476190476190477
2.20365 1 53 0.4126984126984127
2.22549 1 54 0.42063492063492064
2.23918 1 55 0.42857142857142855
2.24939 1 56 0.4365079365079365
2.25029 1 57 0.4444444444444444
2.2759 1 58 0.4523809523809524
2.29363 1 59 0.4603174603174603
2.32609 1 60 0.46825396825396826
2.39744 1 61 0.47619047619047616
2.39828 1 62 0.48412698412698413
2.46782 1 63 0.49206349206349204
2.49893 1 64 0.5
2.58143 1 65 0.5079365079365079
2.58461 1 66 0.5158730158730159
2.58989 1 67 0.5238095238095238
2.62243 1 68 0.5317460317460317
2.6535 1 69 0.5396825396825397
2.69349 1 70 0.5476190476190477
2.69721 1 71 0.5555555555555556
2.76008 1 72 0.5634920634920635
2.7851 1 73 0.5714285714285714
2.8141 1 74 0.5793650793650794
2.87429 1 75 0.5873015873015873
2.87803 1 76 0.5952380952380952
2.93691 1 77 0.6031746031746031
2.93966 1 78 0.6111111111111112
3.00408 1 79 0.6190476190476191
3.02202 1 80 0.626984126984127
3.02232 1 81 0.6349206349206349
3.02587 1 82 0.6428571428571429
3.03063 1 83 0.6507936507936508
3.04219 1 84 0.6587301587301587
3.05023 1 85 0.6666666666666666
3.05067 1 86 0.6746031746031746
3.05754 1 87 0.6825396825396826
3.06121 1 88 0.6904761904761905
3.0691 1 89 0.6984126984126984
3.0838 1 90 0.7063492063492064
3.09421 1 91 0.7142857142857143
3.11216 1 92 0.7222222222222222
3.11339 1 93 0.7301587301587301
3.11348 1 94 0.7380952380952381
3.12218 1 95 0.746031746031746
3.12892 1 96 0.753968253968254
3.13668 1 97 0.7619047619047619
3.14303 1 98 0.7698412698412699
3.21048 1 99 0.7777777777777778
3.22127 1 100 0.7857142857142857
3.22378 1 101 0.7936507936507936
3.26586 1 102 0.8015873015873016
3.26804 1 103 0.8095238095238095
3.27644 1 104 0.8174603174603174
3.3265 1 105 0.8253968253968254
3.36534 1 106 0.8333333333333334
3.47191 1 107 0.8412698412698413
3.56023 1 108 0.8492063492063492
3.59838 1 109 0.8571428571428571
3.65022 1 110 0.8650793650793651
3.67628 1 111 0.873015873015873
3.92025 1 112 0.8809523809523809
4.00022 1 113 0.8888888888888888
4.02976 1 114 0.8968253968253969
4.06427 1 115 0.9047619047619048
4.07986 1 116 0.9126984126984127
4.08063 1 117 0.9206349206349206
4.09634 1 118 0.9285714285714286
4.13958 1 119 0.9365079365079365
4.24658 1 120 0.9444444444444444
4.2489 1 121 0.9523809523809523
4.33574 1 122 0.9603174603174603
4.38435 1 123 0.9682539682539683
4.39388 1 124 0.9761904761904762
4.43033 1 125 0.9841269841269841
4.48443 1 126 0.9920634920634921
4.54985 1 127 1.0
