17658.6 1 1 0.0
17674.2 1 2 0.007936507936507936
17800.4 1 3 0.015873015873015872
17840.0 1 4 0.023809523809523808
17939.0 1 5 0.031746031746031744
17986.4 1 6 0.03968253968253968
17995.3 1 7 0.047619047619047616
18114.1 1 8 0.05555555555555555
18116.0 1 9 0.06349206349206349
18135.5 1 10 0.07142857142857142
18185.4 1 11 0.07936507936507936
18227.0 1 12 0.0873015873015873
18232.0 1 13 0.09523809523809523
18297.3 1 14 0.10317460317460317
18599.4 1 15 0.1111111111111111
18698.1 1 16 0.11904761904761904
19008.6 1 17 0.12698412698412698
25428.3 1 18 0.1349206349206349
26214.3 1 19 0.14285714285714285
26219.2 1 20 0.15079365079365079
26977.6 1 21 0.15873015873015872
28248.6 1 22 0.16666666666666666
29306.1 1 23 0.1746031746031746
29662.3 1 24 0.18253968253968253
31691.2 1 25 0.19047619047619047
31806.3 1 26 0.1984126984126984
32283.3 1 27 0.20634920634920634
32495.7 1 28 0.21428571428571427
32514.1 1 29 0.2222222222222222
32596.2 1 30 0.23015873015873015
32606.1 1 31 0.23809523809523808
33915.4 1 32 0.24603174603174602
33999.7 1 33 0.25396825396825395
34398.7 1 34 0.2619047619047619
34422.9 1 35 0.2698412698412698
34442.3 1 36 0.2777777777777778
34858.4 1 37 0.2857142857142857
35280.1 1 38 0.29365079365079366
35506.4 1 39 0.30158730158730157
35982.5 1 40 0.30952380952380953
36202.1 1 41 0.31746031746031744
36351.6 1 42 0.3253968253968254
36510.1 1 43 0.3333333333333333
36547.5 1 44 0.3412698412698413
36657.8 1 45 0.3492063492063492
36666.0 1 46 0.35714285714285715
36855.3 1 47 0.36507936507936506
36939.3 1 48 0.373015873015873
37388.9 1 49 0.38095238095238093
37664.9 1 50 0.3888888888888889
38163.5 1 51 0.3968253968253968
38397.0 1 52 0.40476190476190477
38764.0 1 53 0.4126984126984127
39148.2 1 54 0.42063492063492064
39389.1 1 55 0.42857142857142855
39568.6 1 56 0.4365079365079365
39584.6 1 57 0.4444444444444444
40035.0 1 58 0.4523809523809524
40346.9 1 59 0.4603174603174603
40917.9 1 60 0.46825396825396826
42173.1 1 61 0.47619047619047616
42187.7 1 62 0.48412698412698413
43411.0 1 63 0.49206349206349204
43958.3 1 64 0.5
45409.5 1 65 0.5079365079365079
45465.6 1 66 0.5158730158730159
45558.3 1 67 0.5238095238095238
46130.8 1 68 0.5317460317460317
46677.3 1 69 0.5396825396825397
47380.7 1 70 0.5476190476190477
47446.1 1 71 0.5555555555555556
48552.1 1 72 0.5634920634920635
48992.3 1 73 0.5714285714285714
49502.4 1 74 0.5793650793650794
50561.2 1 75 0.5873015873015873
50627.1 1 76 0.5952380952380952
51662.6 1 77 0.6031746031746031
51711.1 1 78 0.6111111111111112
52844.3 1 79 0.6190476190476191
53159.9 1 80 0.626984126984127
53165.1 1 81 0.6349206349206349
53227.6 1 82 0.6428571428571429
53311.3 1 83 0.6507936507936508
53514.7 1 84 0.6587301587301587
53656.2 1 85 0.6666666666666666
53663.8 1 86 0.6746031746031746
53784.7 1 87 0.6825396825396826
53849.2 1 88 0.6904761904761905
53988.0 1 89 0.6984126984126984
54246.7 1 90 0.7063492063492064
54429.8 1 91 0.7142857142857143
54745.6 1 92 0.7222222222222222
54767.1 1 93 0.7301587301587301
54768.7 1 94 0.7380952380952381
54921.9 1 95 0.746031746031746
55040.4 1 96 0.753968253968254
55176.8 1 97 0.7619047619047619
55288.6 1 98 0.7698412698412699
56475.0 1 99 0.7777777777777778
56664.9 1 100 0.7857142857142857
56709.0 1 101 0.7936507936507936
57449.3 1 102 0.8015873015873016
57487.7 1 103 0.8095238095238095
57635.4 1 104 0.8174603174603174
58515.9 1 105 0.8253968253968254
59199.2 1 106 0.8333333333333334
61073.9 1 107 0.8412698412698413
62627.4 1 108 0.8492063492063492
63298.6 1 109 0.8571428571428571
64210.4 1 110 0.8650793650793651
64668.9 1 111 0.873015873015873
68960.6 1 112 0.8809523809523809
70367.2 1 113 0.8888888888888888
70886.9 1 114 0.8968253968253969
71493.9 1 115 0.9047619047619048
71768.3 1 116 0.9126984126984127
71781.7 1 117 0.9206349206349206
72058.2 1 118 0.9285714285714286
72818.6 1 119 0.9365079365079365
74700.9 1 120 0.9444444444444444
74741.7 1 121 0.9523809523809523
76269.3 1 122 0.9603174603174603
77124.4 1 123 0.9682539682539683
77292.1 1 124 0.9761904761904762
77933.2 1 125 0.9841269841269841
78885.0 1 126 0.9920634920634921
80035.6 1 127 1.0
