1.0 1 1 0.0
1.00409 1 2 0.007874015748031496
1.00498 1 3 0.015748031496062992
1.01215 1 4 0.023622047244094488
1.0144 1 5 0.031496062992125984
1.02003 1 6 0.03937007874015748
1.02273 1 7 0.047244094488188976
1.02323 1 8 0.05511811023622047
1.02999 1 9 0.06299212598425197
1.03009 1 10 0.07086614173228346
1.03121 1 11 0.07874015748031496
1.03404 1 12 0.08661417322834646
1.03641 1 13 0.09448818897637795
1.03669 1 14 0.10236220472440945
1.04041 1 15 0.11023622047244094
1.05759 1 16 0.11811023622047244
1.0632 1 17 0.12598425196850394
1.0806 1 18 0.13385826771653545
1.44554 1 19 0.14173228346456693
1.49022 1 20 0.14960629921259844
1.4905 1 21 0.15748031496062992
1.53362 1 22 0.16535433070866143
1.60587 1 23 0.1732283464566929
1.66598 1 24 0.18110236220472442
1.68624 1 25 0.1889763779527559
1.80157 1 26 0.1968503937007874
1.80812 1 27 0.2047244094488189
1.83523 1 28 0.2125984251968504
1.84731 1 29 0.2204724409448819
1.84835 1 30 0.2283464566929134
1.85302 1 31 0.23622047244094488
1.85358 1 32 0.2440944881889764
1.92801 1 33 0.25196850393700787
1.93281 1 34 0.25984251968503935
1.95549 1 35 0.2677165354330709
1.95687 1 36 0.2755905511811024
1.95797 1 37 0.28346456692913385
1.98162 1 38 0.29133858267716534
2.00559 1 39 0.2992125984251969
2.01846 1 40 0.30708661417322836
2.04552 1 41 0.31496062992125984
2.05801 1 42 0.3228346456692913
2.06651 1 43 0.33070866141732286
2.07552 1 44 0.33858267716535434
2.07764 1 45 0.3464566929133858
2.08392 1 46 0.3543307086614173
2.08438 1 47 0.36220472440944884
2.09514 1 48 0.3700787401574803
2.09991 1 49 0.3779527559055118
2.12547 1 50 0.3858267716535433
2.14117 1 51 0.3937007874015748
2.16951 1 52 0.4015748031496063
2.18279 1 53 0.4094488188976378
2.20365 1 54 0.41732283464566927
2.22549 1 55 0.4251968503937008
2.23918 1 56 0.4330708661417323
2.24939 1 57 0.4409448818897638
2.25029 1 58 0.44881889763779526
2.2759 1 59 0.4566929133858268
2.29363 1 60 0.4645669291338583
2.32609 1 61 0.47244094488188976
2.39744 1 62 0.48031496062992124
2.39828 1 63 0.4881889763779528
2.46782 1 64 0.49606299212598426
2.49893 1 65 0.5039370078740157
2.58143 1 66 0.5118110236220472
2.58461 1 67 0.5196850393700787
2.58989 1 68 0.5275590551181102
2.62243 1 69 0.5354330708661418
2.6535 1 70 0.5433070866141733
2.69349 1 71 0.5511811023622047
2.69721 1 72 0.5590551181102362
2.76008 1 73 0.5669291338582677
2.7851 1 74 0.5748031496062992
2.8141 1 75 0.5826771653543307
2.87429 1 76 0.5905511811023622
2.87803 1 77 0.5984251968503937
2.93691 1 78 0.6062992125984252
2.93966 1 79 0.6141732283464567
3.00408 1 80 0.6220472440944882
3.02202 1 81 0.6299212598425197
3.02232 1 82 0.6377952755905512
3.02587 1 83 0.6456692913385826
3.03063 1 84 0.6535433070866141
3.04219 1 85 0.6614173228346457
3.05023 1 86 0.6692913385826772
3.05067 1 87 0.6771653543307087
3.05754 1 88 0.6850393700787402
3.06121 1 89 0.6929133858267716
3.0691 1 90 0.7007874015748031
3.0838 1 91 0.7086614173228346
3.09421 1 92 0.7165354330708661
3.11216 1 93 0.7244094488188977
3.11339 1 94 0.7322834645669292
3.11348 1 95 0.7401574803149606
3.12218 1 96 0.7480314960629921
3.12892 1 97 0.7559055118110236
3.13668 1 98 0.7637795275590551
3.14303 1 99 0.7716535433070866
3.21048 1 100 0.7795275590551181
3.22127 1 101 0.7874015748031497
3.22378 1 102 0.7952755905511811
3.26586 1 103 0.8031496062992126
3.26804 1 104 0.8110236220472441
3.27644 1 105 0.8188976377952756
3.3265 1 106 0.8267716535433071
3.36534 1 107 0.8346456692913385
3.47191 1 108 0.84251968503937
3.56023 1 109 0.8503937007874016
3.59838 1 110 0.8582677165354331
3.65022 1 111 0.8661417322834646
3.67628 1 112 0.8740157480314961
3.92025 1 113 0.8818897637795275
4.00022 1 114 0.889763779527559
4.02976 1 115 0.8976377952755905
4.06427 1 116 0.905511811023622
4.07986 1 117 0.9133858267716536
4.08063 1 118 0.9212598425196851
4.09634 1 119 0.9291338582677166
4.13958 1 120 0.937007874015748
4.24658 1 121 0.9448818897637795
4.2489 1 122 0.952755905511811
4.33574 1 123 0.9606299212598425
4.38435 1 124 0.968503937007874
4.39388 1 125 0.9763779527559056
4.43033 1 126 0.984251968503937
4.48443 1 127 0.9921259842519685
4.54985 1 128 1.0
