SLOWDOWN#1BDP=104000Bytes
#Category,Avg  ,50%  ,95%   ,99%   ,99.9% 
<1BDP,1.000,1.000,1.000,1.000,1.000
>1BDP,2.549,2.499,4.248,4.470,4.542
#
#
#
#
#
#CDF   Size	Avg   50%   95%    99%    99.9% 
#0.050 209715200	1.009 1.012 1.020 1.020 1.020
#0.100 209715200	1.029 1.030 1.034 1.034 1.034
#0.150 209715200	1.109 1.058 1.446 1.446 1.446
#0.200 209715200	1.579 1.606 1.686 1.686 1.686
#0.250 209715200	1.835 1.847 1.854 1.854 1.854
#0.300 209715200	1.952 1.957 1.982 1.982 1.982
#0.350 209715200	2.045 2.058 2.076 2.076 2.076
#0.400 209715200	2.101 2.095 2.141 2.141 2.141
#0.450 209715200	2.212 2.225 2.249 2.249 2.249
#0.500 209715200	2.344 2.326 2.468 2.468 2.468
#0.550 209715200	2.588 2.590 2.654 2.654 2.654
#0.600 209715200	2.771 2.785 2.874 2.874 2.874
#0.650 209715200	2.976 3.004 3.026 3.026 3.026
#0.700 209715200	3.049 3.051 3.061 3.061 3.061
#0.750 209715200	3.101 3.112 3.122 3.122 3.122
#0.800 209715200	3.177 3.210 3.224 3.224 3.224
#0.850 209715200	3.329 3.326 3.472 3.472 3.472
#0.900 209715200	3.776 3.676 4.030 4.030 4.030
#0.950 209715200	4.118 4.096 4.247 4.247 4.247
#1.000 209715200	4.404 4.394 4.550 4.550 4.550
#
#
#
#
#
ABSOLUTE#1BDP=104000Bytes
#Category,Avg  ,50%  ,95%   ,99%   ,99.9% 
<1BDP,4.166,4.166,4.166,4.166,4.166
>1BDP,44831.119,43958.300,74729.460,78637.532,79890.624
#
#
#
#
#
#CDF  ,Size  ,Avg   ,50%   ,95%    ,99%    ,99.9%   >> scale: us-scale
#0.050 209715200	14819.394 17800.400 17939.000 17939.000 17939.000
#0.100 209715200	18088.783 18116.000 18185.400 18185.400 18185.400
#0.150 209715200	19498.671 18599.400 25428.300 25428.300 25428.300
#0.200 209715200	27771.350 28248.600 29662.300 29662.300 29662.300
#0.250 209715200	32284.700 32495.700 32606.100 32606.100 32606.100
#0.300 209715200	34339.567 34422.900 34858.400 34858.400 34858.400
#0.350 209715200	35972.133 36202.100 36510.100 36510.100 36510.100
#0.400 209715200	36959.957 36855.300 37664.900 37664.900 37664.900
#0.450 209715200	38905.067 39148.200 39568.600 39568.600 39568.600
#0.500 209715200	41236.600 40917.900 43411.000 43411.000 43411.000
#0.550 209715200	45533.300 45558.300 46677.300 46677.300 46677.300
#0.600 209715200	48739.133 48992.300 50561.200 50561.200 50561.200
#0.650 209715200	52342.529 52844.300 53227.600 53227.600 53227.600
#0.700 209715200	53629.983 53663.800 53849.200 53849.200 53849.200
#0.750 209715200	54552.543 54745.600 54921.900 54921.900 54921.900
#0.800 209715200	55892.450 56475.000 56709.000 56709.000 56709.000
#0.850 209715200	58560.233 58515.900 61073.900 61073.900 61073.900
#0.900 209715200	66431.429 64668.900 70886.900 70886.900 70886.900
#0.950 209715200	72436.933 72058.200 74700.900 74700.900 74700.900
#1.000 209715200	77468.757 77292.100 80035.600 80035.600 80035.600
#
#EOF