2000500 128 134
2000500 129 152
2000500 130 160
2000500 131 179
2000500 132 139
2000500 133 174
2000500 134 106
2000500 135 121
2001000 128 138
2001000 129 414
2001000 130 336
2001000 131 183
2001000 132 236
2001000 133 175
2001000 134 182
2001000 135 126
2001500 128 138
2001500 129 520
2001500 130 354
2001500 131 183
2001500 132 318
2001500 133 175
2001500 134 182
2001500 135 126
2002000 128 138
2002000 129 614
2002000 130 354
2002000 131 183
2002000 132 394
2002000 133 175
2002000 134 182
2002000 135 126
2002500 128 138
2002500 129 614
2002500 130 354
2002500 131 183
2002500 132 464
2002500 133 175
2002500 134 182
2002500 135 126
2003000 128 138
2003000 129 614
2003000 130 354
2003000 131 183
2003000 132 465
2003000 133 175
2003000 134 182
2003000 135 126
2003500 128 138
2003500 129 614
2003500 130 354
2003500 131 183
2003500 132 465
2003500 133 175
2003500 134 182
2003500 135 126
2004000 128 138
2004000 129 614
2004000 130 354
2004000 131 183
2004000 132 465
2004000 133 175
2004000 134 182
2004000 135 126
2004500 128 138
2004500 129 614
2004500 130 354
2004500 131 183
2004500 132 465
2004500 133 175
2004500 134 182
2004500 135 126
2005000 128 138
2005000 129 614
2005000 130 354
2005000 131 183
2005000 132 465
2005000 133 175
2005000 134 182
2005000 135 126
2005500 128 138
2005500 129 614
2005500 130 354
2005500 131 183
2005500 132 465
2005500 133 175
2005500 134 182
2005500 135 126
2006000 128 138
2006000 129 614
2006000 130 354
2006000 131 183
2006000 132 465
2006000 133 175
2006000 134 182
2006000 135 126
2006500 128 138
2006500 129 614
2006500 130 354
2006500 131 183
2006500 132 465
2006500 133 175
2006500 134 182
2006500 135 126
2007000 128 138
2007000 129 614
2007000 130 354
2007000 131 183
2007000 132 465
2007000 133 175
2007000 134 182
2007000 135 126
2007500 128 138
2007500 129 614
2007500 130 354
2007500 131 183
2007500 132 465
2007500 133 175
2007500 134 182
2007500 135 126
2008000 128 138
2008000 129 614
2008000 130 354
2008000 131 183
2008000 132 465
2008000 133 175
2008000 134 182
2008000 135 126
2008500 128 138
2008500 129 614
2008500 130 354
2008500 131 183
2008500 132 465
2008500 133 175
2008500 134 182
2008500 135 126
2009000 128 138
2009000 129 614
2009000 130 354
2009000 131 183
2009000 132 465
2009000 133 175
2009000 134 182
2009000 135 126
2009500 128 138
2009500 129 614
2009500 130 354
2009500 131 183
2009500 132 465
2009500 133 175
2009500 134 182
2009500 135 126
2010000 128 138
2010000 129 614
2010000 130 354
2010000 131 183
2010000 132 465
2010000 133 175
2010000 134 182
2010000 135 126
2010500 128 138
2010500 129 614
2010500 130 354
2010500 131 183
2010500 132 465
2010500 133 175
2010500 134 182
2010500 135 126
2011000 128 138
2011000 129 614
2011000 130 354
2011000 131 183
2011000 132 465
2011000 133 175
2011000 134 182
2011000 135 126
2011500 128 138
2011500 129 614
2011500 130 354
2011500 131 183
2011500 132 465
2011500 133 175
2011500 134 182
2011500 135 126
2012000 128 138
2012000 129 614
2012000 130 354
2012000 131 183
2012000 132 465
2012000 133 175
2012000 134 182
2012000 135 126
2012500 128 138
2012500 129 614
2012500 130 354
2012500 131 183
2012500 132 465
2012500 133 175
2012500 134 182
2012500 135 126
2013000 128 138
2013000 129 614
2013000 130 354
2013000 131 183
2013000 132 465
2013000 133 175
2013000 134 182
2013000 135 126
2013500 128 138
2013500 129 614
2013500 130 354
2013500 131 183
2013500 132 465
2013500 133 175
2013500 134 182
2013500 135 126
2014000 128 138
2014000 129 614
2014000 130 354
2014000 131 183
2014000 132 465
2014000 133 175
2014000 134 182
2014000 135 126
2014500 128 138
2014500 129 614
2014500 130 354
2014500 131 183
2014500 132 465
2014500 133 175
2014500 134 182
2014500 135 126
2015000 128 138
2015000 129 614
2015000 130 354
2015000 131 183
2015000 132 465
2015000 133 175
2015000 134 182
2015000 135 126
2015500 128 138
2015500 129 614
2015500 130 354
2015500 131 183
2015500 132 465
2015500 133 175
2015500 134 182
2015500 135 126
2016000 128 138
2016000 129 614
2016000 130 354
2016000 131 183
2016000 132 465
2016000 133 175
2016000 134 182
2016000 135 126
2016500 128 138
2016500 129 614
2016500 130 354
2016500 131 183
2016500 132 465
2016500 133 175
2016500 134 182
2016500 135 126
2017000 128 138
2017000 129 614
2017000 130 354
2017000 131 183
2017000 132 465
2017000 133 175
2017000 134 182
2017000 135 126
2017500 128 138
2017500 129 614
2017500 130 354
2017500 131 183
2017500 132 465
2017500 133 175
2017500 134 182
2017500 135 126
2018000 128 138
2018000 129 614
2018000 130 354
2018000 131 183
2018000 132 465
2018000 133 175
2018000 134 182
2018000 135 126
2018500 128 138
2018500 129 614
2018500 130 354
2018500 131 183
2018500 132 465
2018500 133 175
2018500 134 182
2018500 135 126
2019000 128 138
2019000 129 614
2019000 130 354
2019000 131 183
2019000 132 465
2019000 133 175
2019000 134 182
2019000 135 126
2019500 128 138
2019500 129 614
2019500 130 354
2019500 131 183
2019500 132 465
2019500 133 175
2019500 134 182
2019500 135 126
2020000 128 138
2020000 129 614
2020000 130 354
2020000 131 183
2020000 132 465
2020000 133 175
2020000 134 182
2020000 135 126
2020500 128 138
2020500 129 614
2020500 130 354
2020500 131 183
2020500 132 465
2020500 133 175
2020500 134 182
2020500 135 126
2021000 128 138
2021000 129 614
2021000 130 354
2021000 131 183
2021000 132 465
2021000 133 175
2021000 134 182
2021000 135 126
2021500 128 138
2021500 129 614
2021500 130 354
2021500 131 183
2021500 132 465
2021500 133 175
2021500 134 182
2021500 135 126
2022000 128 138
2022000 129 614
2022000 130 354
2022000 131 183
2022000 132 465
2022000 133 175
2022000 134 182
2022000 135 126
2022500 128 138
2022500 129 614
2022500 130 354
2022500 131 183
2022500 132 465
2022500 133 175
2022500 134 182
2022500 135 126
2023000 128 138
2023000 129 614
2023000 130 354
2023000 131 183
2023000 132 465
2023000 133 175
2023000 134 182
2023000 135 126
2023500 128 138
2023500 129 614
2023500 130 354
2023500 131 183
2023500 132 465
2023500 133 175
2023500 134 182
2023500 135 126
2024000 128 138
2024000 129 614
2024000 130 354
2024000 131 183
2024000 132 465
2024000 133 175
2024000 134 182
2024000 135 126
2024500 128 138
2024500 129 614
2024500 130 354
2024500 131 183
2024500 132 465
2024500 133 175
2024500 134 182
2024500 135 126
2025000 128 138
2025000 129 614
2025000 130 354
2025000 131 183
2025000 132 465
2025000 133 175
2025000 134 182
2025000 135 126
2025500 128 138
2025500 129 614
2025500 130 354
2025500 131 183
2025500 132 465
2025500 133 175
2025500 134 182
2025500 135 126
2026000 128 138
2026000 129 614
2026000 130 354
2026000 131 183
2026000 132 465
2026000 133 175
2026000 134 182
2026000 135 126
2026500 128 138
2026500 129 614
2026500 130 354
2026500 131 183
2026500 132 465
2026500 133 175
2026500 134 182
2026500 135 126
2027000 128 138
2027000 129 614
2027000 130 354
2027000 131 183
2027000 132 465
2027000 133 175
2027000 134 182
2027000 135 126
2027500 128 138
2027500 129 614
2027500 130 354
2027500 131 183
2027500 132 465
2027500 133 175
2027500 134 182
2027500 135 126
2028000 128 138
2028000 129 614
2028000 130 354
2028000 131 183
2028000 132 465
2028000 133 175
2028000 134 182
2028000 135 126
2028500 128 138
2028500 129 614
2028500 130 354
2028500 131 183
2028500 132 465
2028500 133 175
2028500 134 182
2028500 135 126
2029000 128 138
2029000 129 614
2029000 130 354
2029000 131 183
2029000 132 465
2029000 133 175
2029000 134 182
2029000 135 126
2029500 128 138
2029500 129 614
2029500 130 354
2029500 131 183
2029500 132 465
2029500 133 175
2029500 134 182
2029500 135 126
2030000 128 138
2030000 129 614
2030000 130 354
2030000 131 183
2030000 132 465
2030000 133 175
2030000 134 182
2030000 135 126
2030500 128 138
2030500 129 614
2030500 130 354
2030500 131 183
2030500 132 465
2030500 133 175
2030500 134 182
2030500 135 126
2031000 128 138
2031000 129 614
2031000 130 354
2031000 131 183
2031000 132 465
2031000 133 175
2031000 134 182
2031000 135 126
2031500 128 138
2031500 129 614
2031500 130 354
2031500 131 183
2031500 132 465
2031500 133 175
2031500 134 182
2031500 135 126
2032000 128 138
2032000 129 614
2032000 130 354
2032000 131 183
2032000 132 465
2032000 133 175
2032000 134 182
2032000 135 126
2032500 128 138
2032500 129 614
2032500 130 354
2032500 131 183
2032500 132 465
2032500 133 175
2032500 134 182
2032500 135 126
2033000 128 138
2033000 129 614
2033000 130 354
2033000 131 183
2033000 132 465
2033000 133 175
2033000 134 182
2033000 135 126
2033500 128 138
2033500 129 614
2033500 130 354
2033500 131 183
2033500 132 465
2033500 133 175
2033500 134 182
2033500 135 126
2034000 128 138
2034000 129 614
2034000 130 354
2034000 131 183
2034000 132 465
2034000 133 175
2034000 134 182
2034000 135 126
2034500 128 138
2034500 129 614
2034500 130 354
2034500 131 183
2034500 132 465
2034500 133 175
2034500 134 182
2034500 135 126
2035000 128 138
2035000 129 614
2035000 130 354
2035000 131 183
2035000 132 465
2035000 133 175
2035000 134 182
2035000 135 126
2035500 128 138
2035500 129 614
2035500 130 354
2035500 131 183
2035500 132 465
2035500 133 175
2035500 134 182
2035500 135 126
2036000 128 138
2036000 129 614
2036000 130 354
2036000 131 183
2036000 132 465
2036000 133 175
2036000 134 182
2036000 135 126
2036500 128 138
2036500 129 614
2036500 130 354
2036500 131 183
2036500 132 465
2036500 133 175
2036500 134 182
2036500 135 126
2037000 128 138
2037000 129 614
2037000 130 354
2037000 131 183
2037000 132 465
2037000 133 175
2037000 134 182
2037000 135 126
2037500 128 138
2037500 129 614
2037500 130 354
2037500 131 183
2037500 132 465
2037500 133 175
2037500 134 182
2037500 135 126
2038000 128 138
2038000 129 614
2038000 130 354
2038000 131 183
2038000 132 465
2038000 133 175
2038000 134 182
2038000 135 126
2038500 128 138
2038500 129 614
2038500 130 354
2038500 131 183
2038500 132 465
2038500 133 175
2038500 134 182
2038500 135 126
2039000 128 138
2039000 129 614
2039000 130 354
2039000 131 183
2039000 132 465
2039000 133 175
2039000 134 182
2039000 135 126
2039500 128 138
2039500 129 614
2039500 130 354
2039500 131 183
2039500 132 465
2039500 133 175
2039500 134 182
2039500 135 126
2040000 128 138
2040000 129 614
2040000 130 354
2040000 131 183
2040000 132 465
2040000 133 175
2040000 134 182
2040000 135 126
2040500 128 138
2040500 129 614
2040500 130 354
2040500 131 183
2040500 132 465
2040500 133 175
2040500 134 182
2040500 135 126
2041000 128 138
2041000 129 614
2041000 130 354
2041000 131 183
2041000 132 465
2041000 133 175
2041000 134 182
2041000 135 126
2041500 128 138
2041500 129 614
2041500 130 354
2041500 131 183
2041500 132 465
2041500 133 175
2041500 134 182
2041500 135 126
2042000 128 138
2042000 129 614
2042000 130 354
2042000 131 183
2042000 132 465
2042000 133 175
2042000 134 182
2042000 135 126
2042500 128 138
2042500 129 614
2042500 130 354
2042500 131 183
2042500 132 465
2042500 133 175
2042500 134 182
2042500 135 126
2043000 128 138
2043000 129 614
2043000 130 354
2043000 131 183
2043000 132 465
2043000 133 175
2043000 134 182
2043000 135 126
2043500 128 138
2043500 129 614
2043500 130 354
2043500 131 183
2043500 132 465
2043500 133 175
2043500 134 182
2043500 135 126
2044000 128 138
2044000 129 614
2044000 130 354
2044000 131 183
2044000 132 465
2044000 133 175
2044000 134 182
2044000 135 126
2044500 128 138
2044500 129 614
2044500 130 354
2044500 131 183
2044500 132 465
2044500 133 175
2044500 134 182
2044500 135 126
2045000 128 138
2045000 129 614
2045000 130 354
2045000 131 183
2045000 132 465
2045000 133 175
2045000 134 182
2045000 135 126
2045500 128 138
2045500 129 614
2045500 130 354
2045500 131 183
2045500 132 465
2045500 133 175
2045500 134 182
2045500 135 126
2046000 128 138
2046000 129 614
2046000 130 354
2046000 131 183
2046000 132 465
2046000 133 175
2046000 134 182
2046000 135 126
2046500 128 138
2046500 129 614
2046500 130 354
2046500 131 183
2046500 132 465
2046500 133 175
2046500 134 182
2046500 135 126
2047000 128 138
2047000 129 614
2047000 130 354
2047000 131 183
2047000 132 465
2047000 133 175
2047000 134 182
2047000 135 126
2047500 128 138
2047500 129 614
2047500 130 354
2047500 131 183
2047500 132 465
2047500 133 175
2047500 134 182
2047500 135 126
2048000 128 138
2048000 129 614
2048000 130 354
2048000 131 183
2048000 132 465
2048000 133 175
2048000 134 182
2048000 135 126
2048500 128 138
2048500 129 614
2048500 130 354
2048500 131 183
2048500 132 465
2048500 133 175
2048500 134 182
2048500 135 126
2049000 128 138
2049000 129 614
2049000 130 354
2049000 131 183
2049000 132 465
2049000 133 175
2049000 134 182
2049000 135 126
2049500 128 138
2049500 129 614
2049500 130 354
2049500 131 183
2049500 132 465
2049500 133 175
2049500 134 182
2049500 135 126
2050000 128 138
2050000 129 614
2050000 130 354
2050000 131 183
2050000 132 465
2050000 133 175
2050000 134 182
2050000 135 126
2050500 128 138
2050500 129 614
2050500 130 354
2050500 131 183
2050500 132 465
2050500 133 175
2050500 134 182
2050500 135 126
2051000 128 138
2051000 129 614
2051000 130 354
2051000 131 183
2051000 132 465
2051000 133 175
2051000 134 182
2051000 135 126
2051500 128 138
2051500 129 614
2051500 130 354
2051500 131 183
2051500 132 465
2051500 133 175
2051500 134 182
2051500 135 126
2052000 128 138
2052000 129 614
2052000 130 354
2052000 131 183
2052000 132 465
2052000 133 175
2052000 134 182
2052000 135 126
2052500 128 138
2052500 129 614
2052500 130 354
2052500 131 183
2052500 132 465
2052500 133 175
2052500 134 182
2052500 135 126
2053000 128 138
2053000 129 614
2053000 130 354
2053000 131 183
2053000 132 465
2053000 133 175
2053000 134 182
2053000 135 126
2053500 128 138
2053500 129 614
2053500 130 354
2053500 131 183
2053500 132 465
2053500 133 175
2053500 134 182
2053500 135 126
2054000 128 138
2054000 129 614
2054000 130 354
2054000 131 183
2054000 132 465
2054000 133 175
2054000 134 182
2054000 135 126
2054500 128 138
2054500 129 614
2054500 130 354
2054500 131 183
2054500 132 465
2054500 133 175
2054500 134 182
2054500 135 126
2055000 128 138
2055000 129 614
2055000 130 354
2055000 131 183
2055000 132 465
2055000 133 175
2055000 134 182
2055000 135 126
2055500 128 138
2055500 129 614
2055500 130 354
2055500 131 183
2055500 132 465
2055500 133 175
2055500 134 182
2055500 135 126
2056000 128 138
2056000 129 614
2056000 130 354
2056000 131 183
2056000 132 465
2056000 133 175
2056000 134 182
2056000 135 126
2056500 128 138
2056500 129 614
2056500 130 354
2056500 131 183
2056500 132 465
2056500 133 175
2056500 134 182
2056500 135 126
2057000 128 138
2057000 129 614
2057000 130 354
2057000 131 183
2057000 132 465
2057000 133 175
2057000 134 182
2057000 135 126
2057500 128 138
2057500 129 614
2057500 130 354
2057500 131 183
2057500 132 465
2057500 133 175
2057500 134 182
2057500 135 126
2058000 128 138
2058000 129 614
2058000 130 354
2058000 131 183
2058000 132 465
2058000 133 175
2058000 134 182
2058000 135 126
2058500 128 138
2058500 129 614
2058500 130 354
2058500 131 183
2058500 132 465
2058500 133 175
2058500 134 182
2058500 135 126
2059000 128 138
2059000 129 614
2059000 130 354
2059000 131 183
2059000 132 465
2059000 133 175
2059000 134 182
2059000 135 126
2059500 128 138
2059500 129 614
2059500 130 354
2059500 131 183
2059500 132 465
2059500 133 175
2059500 134 182
2059500 135 126
2060000 128 138
2060000 129 614
2060000 130 354
2060000 131 183
2060000 132 465
2060000 133 175
2060000 134 182
2060000 135 126
2060500 128 138
2060500 129 614
2060500 130 354
2060500 131 183
2060500 132 465
2060500 133 175
2060500 134 182
2060500 135 126
2061000 128 138
2061000 129 614
2061000 130 354
2061000 131 183
2061000 132 465
2061000 133 175
2061000 134 182
2061000 135 126
2061500 128 138
2061500 129 614
2061500 130 354
2061500 131 183
2061500 132 465
2061500 133 175
2061500 134 182
2061500 135 126
2062000 128 138
2062000 129 614
2062000 130 354
2062000 131 183
2062000 132 465
2062000 133 175
2062000 134 182
2062000 135 126
2062500 128 138
2062500 129 614
2062500 130 354
2062500 131 183
2062500 132 465
2062500 133 175
2062500 134 182
2062500 135 126
2063000 128 138
2063000 129 614
2063000 130 354
2063000 131 183
2063000 132 465
2063000 133 175
2063000 134 182
2063000 135 126
2063500 128 138
2063500 129 614
2063500 130 354
2063500 131 183
2063500 132 465
2063500 133 175
2063500 134 182
2063500 135 126
2064000 128 138
2064000 129 614
2064000 130 354
2064000 131 183
2064000 132 465
2064000 133 175
2064000 134 182
2064000 135 126
2064500 128 138
2064500 129 614
2064500 130 354
2064500 131 183
2064500 132 465
2064500 133 175
2064500 134 182
2064500 135 126
2065000 128 138
2065000 129 614
2065000 130 354
2065000 131 183
2065000 132 465
2065000 133 175
2065000 134 182
2065000 135 126
2065500 128 138
2065500 129 614
2065500 130 354
2065500 131 183
2065500 132 465
2065500 133 175
2065500 134 182
2065500 135 126
2066000 128 138
2066000 129 614
2066000 130 354
2066000 131 183
2066000 132 465
2066000 133 175
2066000 134 182
2066000 135 126
2066500 128 138
2066500 129 614
2066500 130 354
2066500 131 183
2066500 132 465
2066500 133 175
2066500 134 182
2066500 135 126
2067000 128 138
2067000 129 614
2067000 130 354
2067000 131 183
2067000 132 465
2067000 133 175
2067000 134 182
2067000 135 126
2067500 128 138
2067500 129 614
2067500 130 354
2067500 131 183
2067500 132 465
2067500 133 175
2067500 134 182
2067500 135 126
2068000 128 138
2068000 129 614
2068000 130 354
2068000 131 183
2068000 132 465
2068000 133 175
2068000 134 182
2068000 135 126
2068500 128 138
2068500 129 614
2068500 130 354
2068500 131 183
2068500 132 465
2068500 133 175
2068500 134 182
2068500 135 126
2069000 128 138
2069000 129 614
2069000 130 354
2069000 131 183
2069000 132 465
2069000 133 175
2069000 134 182
2069000 135 126
2069500 128 138
2069500 129 614
2069500 130 354
2069500 131 183
2069500 132 465
2069500 133 175
2069500 134 182
2069500 135 126
2070000 128 138
2070000 129 614
2070000 130 354
2070000 131 183
2070000 132 465
2070000 133 175
2070000 134 182
2070000 135 126
2070500 128 138
2070500 129 614
2070500 130 354
2070500 131 183
2070500 132 465
2070500 133 175
2070500 134 182
2070500 135 126
2071000 128 138
2071000 129 614
2071000 130 354
2071000 131 183
2071000 132 465
2071000 133 175
2071000 134 182
2071000 135 126
2071500 128 138
2071500 129 614
2071500 130 354
2071500 131 183
2071500 132 465
2071500 133 175
2071500 134 182
2071500 135 126
2072000 128 138
2072000 129 614
2072000 130 354
2072000 131 183
2072000 132 465
2072000 133 175
2072000 134 182
2072000 135 126
2072500 128 138
2072500 129 614
2072500 130 354
2072500 131 183
2072500 132 465
2072500 133 175
2072500 134 182
2072500 135 126
2073000 128 138
2073000 129 614
2073000 130 354
2073000 131 183
2073000 132 465
2073000 133 175
2073000 134 182
2073000 135 126
2073500 128 138
2073500 129 614
2073500 130 354
2073500 131 183
2073500 132 465
2073500 133 175
2073500 134 182
2073500 135 126
2074000 128 138
2074000 129 614
2074000 130 354
2074000 131 183
2074000 132 465
2074000 133 175
2074000 134 182
2074000 135 126
2074500 128 138
2074500 129 614
2074500 130 354
2074500 131 183
2074500 132 465
2074500 133 175
2074500 134 182
2074500 135 126
2075000 128 138
2075000 129 614
2075000 130 354
2075000 131 183
2075000 132 465
2075000 133 175
2075000 134 182
2075000 135 126
2075500 128 138
2075500 129 614
2075500 130 354
2075500 131 183
2075500 132 465
2075500 133 175
2075500 134 182
2075500 135 126
2076000 128 138
2076000 129 614
2076000 130 354
2076000 131 183
2076000 132 465
2076000 133 175
2076000 134 182
2076000 135 126
2076500 128 138
2076500 129 614
2076500 130 354
2076500 131 183
2076500 132 465
2076500 133 175
2076500 134 182
2076500 135 126
2077000 128 138
2077000 129 614
2077000 130 354
2077000 131 183
2077000 132 465
2077000 133 175
2077000 134 182
2077000 135 126
2077500 128 138
2077500 129 614
2077500 130 354
2077500 131 183
2077500 132 465
2077500 133 175
2077500 134 182
2077500 135 126
2078000 128 138
2078000 129 614
2078000 130 354
2078000 131 183
2078000 132 465
2078000 133 175
2078000 134 182
2078000 135 126
2078500 128 138
2078500 129 614
2078500 130 354
2078500 131 183
2078500 132 465
2078500 133 175
2078500 134 182
2078500 135 126
2079000 128 138
2079000 129 614
2079000 130 354
2079000 131 183
2079000 132 465
2079000 133 175
2079000 134 182
2079000 135 126
2079500 128 138
2079500 129 614
2079500 130 354
2079500 131 183
2079500 132 465
2079500 133 175
2079500 134 182
2079500 135 126
2080000 128 138
2080000 129 614
2080000 130 354
2080000 131 183
2080000 132 465
2080000 133 175
2080000 134 182
2080000 135 126
2080500 128 138
2080500 129 614
2080500 130 354
2080500 131 183
2080500 132 465
2080500 133 175
2080500 134 182
2080500 135 126
2081000 128 138
2081000 129 614
2081000 130 354
2081000 131 183
2081000 132 465
2081000 133 175
2081000 134 182
2081000 135 126
2081500 128 138
2081500 129 614
2081500 130 354
2081500 131 183
2081500 132 465
2081500 133 175
2081500 134 182
2081500 135 126
2082000 128 138
2082000 129 614
2082000 130 354
2082000 131 183
2082000 132 465
2082000 133 175
2082000 134 182
2082000 135 126
2082500 128 138
2082500 129 614
2082500 130 354
2082500 131 183
2082500 132 465
2082500 133 175
2082500 134 182
2082500 135 126
2083000 128 138
2083000 129 614
2083000 130 354
2083000 131 183
2083000 132 465
2083000 133 175
2083000 134 182
2083000 135 126
2083500 128 138
2083500 129 614
2083500 130 354
2083500 131 183
2083500 132 465
2083500 133 175
2083500 134 182
2083500 135 126
2084000 128 138
2084000 129 614
2084000 130 354
2084000 131 183
2084000 132 465
2084000 133 175
2084000 134 182
2084000 135 126
2084500 128 138
2084500 129 614
2084500 130 354
2084500 131 183
2084500 132 465
2084500 133 175
2084500 134 182
2084500 135 126
2085000 128 138
2085000 129 614
2085000 130 354
2085000 131 183
2085000 132 465
2085000 133 175
2085000 134 182
2085000 135 126
