2000100002 24 15 0 15
2000100002 26 32 0 32
2000100002 28 34 0 34
2000100002 29 21 0 21
2000700002 24 12 0 12
2000700002 26 1 0 1
2000700002 29 7 0 7
2000800002 24 51 0 51
2000800002 26 61 0 61
2000800002 28 71 0 71
2000800002 29 53 0 53
2001500002 24 31 0 31
2001500002 26 22 0 22
2001500002 28 11 0 11
2001500002 29 27 0 27
2001600002 24 6 0 6
2001600002 26 27 0 27
2001600002 28 18 0 18
2001600002 29 9 0 9
2002400002 24 7 0 7
2002400002 29 11 0 11
2002500002 24 5 0 5
2002500002 26 7 0 7
2002500002 28 15 0 15
2002500002 29 4 0 4
2002600002 26 2 0 2
2002600002 28 4 0 4
2003600002 24 8 0 8
2003600002 29 6 0 6
2003700002 24 4 0 4
2003700002 29 1 0 1
2003800002 26 13 0 13
2003800002 28 6 0 6
2003900002 26 1 0 1
2003900002 28 3 0 3
