0 9 10001 101 100 2000000000 4166 4171
15 6 10000 100 209715200 2000000000 17667899 17586685
74 64 10000 100 209715200 2000000000 17683467 17586685
10 7 10000 100 209715200 2000000000 17779023 17586685
100 102 10000 100 209715200 2000000000 17810415 17586685
113 127 10000 100 209715200 2000000000 17836193 17586685
98 101 10000 100 209715200 2000000000 17894768 17586685
103 99 10000 100 209715200 2000000000 18065604 17586685
117 123 10000 100 209715200 2000000000 18077246 17586685
125 118 10000 100 209715200 2000000000 18078881 17586685
66 70 10000 100 209715200 2000000000 18108166 17586685
91 86 10000 100 209715200 2000000000 18224263 17586685
77 69 10000 100 209715200 2000000000 18226986 17586685
111 108 10000 100 209715200 2000000000 18276692 17586685
13 12 10000 100 209715200 2000000000 18483555 17586685
73 77 10000 100 209715200 2000000000 18709654 17586685
93 91 10000 100 209715200 2000000000 18762914 17586685
124 38 10000 100 209715200 2000000000 23052156 17590845
35 89 10000 100 209715200 2000000000 23192941 17590845
12 111 10000 100 209715200 2000000000 24879321 17590845
18 109 10000 100 209715200 2000000000 25717420 17590845
83 35 10000 100 209715200 2000000000 25749600 17590845
72 42 10000 100 209715200 2000000000 26040664 17590845
94 116 10000 100 209715200 2000000000 28811279 17590845
106 18 10000 100 209715200 2000000000 28912987 17590845
115 49 10000 100 209715200 2000000000 29566830 17590845
116 65 10000 100 209715200 2000000000 32392901 17590845
3 40 10000 100 209715200 2000000000 32533491 17590845
55 113 10000 100 209715200 2000000000 32736698 17590845
27 63 10000 100 209715200 2000000000 32778567 17590845
5 66 10000 100 209715200 2000000000 32883291 17590845
92 16 10000 100 209715200 2000000000 32924390 17590845
79 119 10000 100 209715200 2000000000 33049875 17590845
121 1 10000 100 209715200 2000000000 33323861 17590845
78 32 10000 100 209715200 2000000000 34497472 17590845
76 82 10000 100 209715200 2000000000 34502506 17590845
32 104 10000 100 209715200 2000000000 34691607 17590845
108 57 10000 100 209715200 2000000000 34723019 17590845
67 60 10000 100 209715200 2000000000 36105410 17590845
51 100 10000 100 209715200 2000000000 36177760 17590845
123 78 10000 100 209715200 2000000000 36300808 17590845
56 76 10000 100 209715200 2000000000 36706967 17590845
99 81 10000 100 209715200 2000000000 37159771 17590845
11 95 10000 100 209715200 2000000000 37226548 17590845
53 71 10000 100 209715200 2000000000 37526747 17590845
69 25 10000 100 209715200 2000000000 37641291 17590845
63 75 10000 100 209715200 2000000000 37729846 17590845
86 73 10000 100 209715200 2000000000 37767533 17590845
102 92 10000 100 209715200 2000000000 38426504 17590845
70 44 10000 100 209715200 2000000000 38720707 17590845
33 48 10000 100 209715200 2000000000 38810202 17590845
14 20 10000 100 209715200 2000000000 38988111 17590845
65 10 10000 100 209715200 2000000000 39045114 17590845
58 36 10000 100 209715200 2000000000 39073446 17590845
62 84 10000 100 209715200 2000000000 40415307 17590845
7 117 10000 100 209715200 2000000000 41074016 17590845
95 47 10000 100 209715200 2000000000 41243319 17590845
48 126 10000 100 209715200 2000000000 41666030 17590845
43 53 10000 100 209715200 2000000000 42055329 17590845
85 50 10000 100 209715200 2000000000 42158497 17590845
25 90 10000 100 209715200 2000000000 42979437 17590845
26 72 10000 100 209715200 2000000000 43831007 17590845
126 13 10000 100 209715200 2000000000 44916945 17590845
61 33 10000 100 209715200 2000000000 45251610 17590845
36 9 10000 100 209715200 2000000000 45386626 17590845
112 87 10000 100 209715200 2000000000 45960962 17590845
4 26 10000 100 209715200 2000000000 47046221 17590845
1 34 10000 100 209715200 2000000000 48405384 17590845
90 23 10000 100 209715200 2000000000 48457159 17590845
97 15 10000 100 209715200 2000000000 49884125 17590845
28 107 10000 100 209715200 2000000000 50373724 17590845
114 28 10000 100 209715200 2000000000 50385408 17590845
8 27 10000 100 209715200 2000000000 50779816 17590845
20 74 10000 100 209715200 2000000000 50884942 17590845
0 24 10000 100 209715200 2000000000 50940218 17590845
24 93 10000 100 209715200 2000000000 51873516 17590845
21 55 10000 100 209715200 2000000000 53301428 17590845
34 122 10000 100 209715200 2000000000 53941862 17590845
82 110 10000 100 209715200 2000000000 54009453 17590845
80 14 10000 100 209715200 2000000000 54051875 17590845
30 97 10000 100 209715200 2000000000 54318820 17590845
46 19 10000 100 209715200 2000000000 54485381 17590845
84 115 10000 100 209715200 2000000000 54538742 17590845
81 22 10000 100 209715200 2000000000 55358335 17590845
9 121 10000 100 209715200 2000000000 55904926 17590845
119 105 10000 100 209715200 2000000000 56092029 17590845
68 56 10000 100 209715200 2000000000 56423760 17590845
45 8 10000 100 209715200 2000000000 56924788 17590845
59 45 10000 100 209715200 2000000000 57410304 17590845
107 29 10000 100 209715200 2000000000 57685430 17590845
64 125 10000 100 209715200 2000000000 59915480 17590845
42 103 10000 100 209715200 2000000000 61305674 17590845
2 120 10000 100 209715200 2000000000 61316370 17590845
122 46 10000 100 209715200 2000000000 61724416 17590845
49 67 10000 100 209715200 2000000000 62080512 17590845
104 62 10000 100 209715200 2000000000 62228545 17590845
60 114 10000 100 209715200 2000000000 62446891 17590845
118 94 10000 100 209715200 2000000000 62484307 17590845
71 31 10000 100 209715200 2000000000 63370987 17590845
96 11 10000 100 209715200 2000000000 63587173 17590845
17 3 10000 100 209715200 2000000000 63676782 17590845
127 39 10000 100 209715200 2000000000 64333910 17590845
37 30 10000 100 209715200 2000000000 64479696 17590845
120 61 10000 100 209715200 2000000000 67231043 17590845
89 17 10000 100 209715200 2000000000 68383394 17590845
6 68 10000 100 209715200 2000000000 69012702 17590845
88 79 10000 100 209715200 2000000000 69326622 17590845
29 4 10000 100 209715200 2000000000 70970949 17590845
39 52 10000 100 209715200 2000000000 72418890 17590845
101 80 10000 100 209715200 2000000000 72655165 17590845
23 85 10000 100 209715200 2000000000 72756684 17590845
87 124 10000 100 209715200 2000000000 74218875 17590845
109 5 10000 100 209715200 2000000000 74468403 17590845
110 88 10000 100 209715200 2000000000 74471728 17590845
19 83 10000 100 209715200 2000000000 76965491 17590845
57 43 10000 100 209715200 2000000000 76969024 17590845
105 54 10000 100 209715200 2000000000 77330641 17590845
22 37 10000 100 209715200 2000000000 77530649 17590845
31 51 10000 100 209715200 2000000000 79686365 17590845
38 106 10000 100 209715200 2000000000 82961255 17590845
75 0 10000 100 209715200 2000000000 84894804 17590845
52 112 10000 100 209715200 2000000000 86951272 17590845
40 59 10000 100 209715200 2000000000 87373163 17590845
41 21 10000 100 209715200 2000000000 89157002 17590845
16 58 10000 100 209715200 2000000000 90320637 17590845
44 2 10000 100 209715200 2000000000 93201419 17590845
47 98 10000 100 209715200 2000000000 95442199 17590845
54 41 10000 100 209715200 2000000000 96247238 17590845
50 96 10000 100 209715200 2000000000 102336800 17590845
