2000096436 129 1 21 1
2000096439 129 1 21 0
2000096519 129 1 21 1
2000096602 129 1 21 1
2000096657 129 1 21 0
2000096751 129 1 21 1
2000096768 129 1 21 1
2000096851 129 1 21 1
2000096934 129 1 21 1
2000097017 129 1 21 1
2000097174 129 1 21 1
2000097183 129 1 21 1
2000097266 129 1 21 1
2000097349 129 1 21 1
2000097432 129 1 21 1
2000097515 129 1 21 1
2000097601 129 1 21 1
2000097681 129 1 21 1
2000097764 129 1 21 1
2000097847 129 1 21 1
2000097930 129 1 21 1
2000098024 129 1 21 1
2000098096 129 1 21 1
2000098179 129 1 21 1
2000098262 129 1 21 1
2000098345 129 1 21 1
2000098451 129 1 21 1
2000098511 129 1 21 1
2000098594 129 1 21 1
2000098743 129 1 21 1
2000098878 129 1 21 1
2000100578 129 1 21 0
2000105573 129 1 21 1
2000105615 129 1 21 0
2000105739 129 1 21 1
2000105810 129 1 21 0
2000105822 129 1 21 1
2000105905 129 1 21 1
2000106042 129 1 21 1
2000106071 129 1 21 1
2000106154 129 1 21 1
2000106237 129 1 21 1
2000106320 129 1 21 1
2000106403 129 1 21 1
2000106560 129 1 21 1
2000106573 129 1 21 1
2000106656 129 1 21 1
2000106739 129 1 21 1
2000106822 129 1 21 1
2000106905 129 1 21 1
2000107070 129 1 21 1
2000107585 129 1 21 0
