1.00462 1 1 0.0
1.0055 1 2 0.007936507936507936
1.01094 1 3 0.015873015873015872
1.01272 1 4 0.023809523809523808
1.01419 1 5 0.031746031746031744
1.01752 1 6 0.03968253968253968
1.02723 1 7 0.047619047619047616
1.02789 1 8 0.05555555555555555
1.02799 1 9 0.06349206349206349
1.02965 1 10 0.07142857142857142
1.03625 1 11 0.07936507936507936
1.03641 1 12 0.0873015873015873
1.03923 1 13 0.09523809523809523
1.051 1 14 0.10317460317460317
1.06385 1 15 0.1111111111111111
1.06688 1 16 0.11904761904761904
1.31046 1 17 0.12698412698412698
1.31847 1 18 0.1349206349206349
1.41433 1 19 0.14285714285714285
1.46198 1 20 0.15079365079365079
1.46381 1 21 0.15873015873015872
1.48035 1 22 0.16666666666666666
1.63786 1 23 0.1746031746031746
1.64364 1 24 0.18253968253968253
1.68081 1 25 0.19047619047619047
1.84146 1 26 0.1984126984126984
1.84946 1 27 0.20634920634920634
1.86101 1 28 0.21428571428571427
1.86339 1 29 0.2222222222222222
1.86934 1 30 0.23015873015873015
1.87168 1 31 0.23809523809523808
1.87881 1 32 0.24603174603174602
1.89439 1 33 0.25396825396825395
1.9611 1 34 0.2619047619047619
1.96139 1 35 0.2698412698412698
1.97214 1 36 0.2777777777777778
1.97393 1 37 0.2857142857142857
2.05251 1 38 0.29365079365079366
2.05662 1 39 0.30158730158730157
2.06362 1 40 0.30952380952380953
2.08671 1 41 0.31746031746031744
2.11245 1 42 0.3253968253968254
2.11625 1 43 0.3333333333333333
2.13331 1 44 0.3412698412698413
2.13982 1 45 0.3492063492063492
2.14486 1 46 0.35714285714285715
2.147 1 47 0.36507936507936506
2.18446 1 48 0.373015873015873
2.20119 1 49 0.38095238095238093
2.20627 1 50 0.3888888888888889
2.21639 1 51 0.3968253968253968
2.21963 1 52 0.40476190476190477
2.22124 1 53 0.4126984126984127
2.29752 1 54 0.42063492063492064
2.33497 1 55 0.42857142857142855
2.34459 1 56 0.4365079365079365
2.36862 1 57 0.4444444444444444
2.39075 1 58 0.4523809523809524
2.39662 1 59 0.4603174603174603
2.44328 1 60 0.46825396825396826
2.49169 1 61 0.47619047619047616
2.55343 1 62 0.48412698412698413
2.57245 1 63 0.49206349206349204
2.58013 1 64 0.5
2.61278 1 65 0.5079365079365079
2.67447 1 66 0.5158730158730159
2.75174 1 67 0.5238095238095238
2.75468 1 68 0.5317460317460317
2.8358 1 69 0.5396825396825397
2.86363 1 70 0.5476190476190477
2.8643 1 71 0.5555555555555556
2.88672 1 72 0.5634920634920635
2.89269 1 73 0.5714285714285714
2.89584 1 74 0.5793650793650794
2.94889 1 75 0.5873015873015873
3.03007 1 76 0.5952380952380952
3.06647 1 77 0.6031746031746031
3.07032 1 78 0.6111111111111112
3.07273 1 79 0.6190476190476191
3.0879 1 80 0.626984126984127
3.09737 1 81 0.6349206349206349
3.1004 1 82 0.6428571428571429
3.147 1 83 0.6507936507936508
3.17807 1 84 0.6587301587301587
3.18871 1 85 0.6666666666666666
3.20756 1 86 0.6746031746031746
3.23605 1 87 0.6825396825396826
3.26365 1 88 0.6904761904761905
3.27929 1 89 0.6984126984126984
3.40606 1 90 0.7063492063492064
3.48509 1 91 0.7142857142857143
3.4857 1 92 0.7222222222222222
3.50889 1 93 0.7301587301587301
3.52914 1 94 0.7380952380952381
3.53755 1 95 0.746031746031746
3.54997 1 96 0.753968253968254
3.55209 1 97 0.7619047619047619
3.6025 1 98 0.7698412698412699
3.61479 1 99 0.7777777777777778
3.61988 1 100 0.7857142857142857
3.65724 1 101 0.7936507936507936
3.66553 1 102 0.8015873015873016
3.82193 1 103 0.8095238095238095
3.88744 1 104 0.8174603174603174
3.92322 1 105 0.8253968253968254
3.94106 1 106 0.8333333333333334
4.03454 1 107 0.8412698412698413
4.11685 1 108 0.8492063492063492
4.13028 1 109 0.8571428571428571
4.13605 1 110 0.8650793650793651
4.21918 1 111 0.873015873015873
4.23336 1 112 0.8809523809523809
4.23355 1 113 0.8888888888888888
4.37532 1 114 0.8968253968253969
4.37552 1 115 0.9047619047619048
4.39607 1 116 0.9126984126984127
4.40744 1 117 0.9206349206349206
4.52999 1 118 0.9285714285714286
4.71616 1 119 0.9365079365079365
4.82608 1 120 0.9444444444444444
4.94298 1 121 0.9523809523809523
4.96697 1 122 0.9603174603174603
5.06838 1 123 0.9682539682539683
5.13453 1 124 0.9761904761904762
5.29829 1 125 0.9841269841269841
5.42567 1 126 0.9920634920634921
5.47144 1 127 1.0
