2000500 128 179
2000500 129 199
2000500 130 213
2000500 131 239
2000500 132 169
2000500 133 198
2000500 134 144
2000500 135 175
2001000 128 734
2001000 129 1264
2001000 130 907
2001000 131 961
2001000 132 948
2001000 133 614
2001000 134 594
2001000 135 843
2001500 128 994
2001500 129 1816
2001500 130 1593
2001500 131 1466
2001500 132 1342
2001500 133 829
2001500 134 878
2001500 135 1163
2002000 128 1210
2002000 129 2001
2002000 130 1969
2002000 131 1828
2002000 132 1487
2002000 133 1064
2002000 134 973
2002000 135 1242
2002500 128 1351
2002500 129 2098
2002500 130 2721
2002500 131 1942
2002500 132 1487
2002500 133 1203
2002500 134 973
2002500 135 1287
2003000 128 1351
2003000 129 2120
2003000 130 2936
2003000 131 2315
2003000 132 1487
2003000 133 1203
2003000 134 973
2003000 135 1287
2003500 128 1351
2003500 129 2120
2003500 130 3027
2003500 131 2449
2003500 132 1487
2003500 133 1203
2003500 134 973
2003500 135 1287
2004000 128 1351
2004000 129 2120
2004000 130 3027
2004000 131 2555
2004000 132 1487
2004000 133 1203
2004000 134 973
2004000 135 1287
2004500 128 1351
2004500 129 2120
2004500 130 3027
2004500 131 2584
2004500 132 1487
2004500 133 1203
2004500 134 973
2004500 135 1287
2005000 128 1351
2005000 129 2120
2005000 130 3027
2005000 131 2584
2005000 132 1487
2005000 133 1203
2005000 134 973
2005000 135 1287
2005500 128 1351
2005500 129 2120
2005500 130 3027
2005500 131 2584
2005500 132 1487
2005500 133 1203
2005500 134 973
2005500 135 1287
2006000 128 1351
2006000 129 2120
2006000 130 3027
2006000 131 2584
2006000 132 1487
2006000 133 1203
2006000 134 973
2006000 135 1287
2006500 128 1351
2006500 129 2120
2006500 130 3027
2006500 131 2584
2006500 132 1487
2006500 133 1203
2006500 134 973
2006500 135 1287
2007000 128 1351
2007000 129 2120
2007000 130 3027
2007000 131 2584
2007000 132 1487
2007000 133 1203
2007000 134 973
2007000 135 1287
2007500 128 1351
2007500 129 2120
2007500 130 3027
2007500 131 2584
2007500 132 1487
2007500 133 1203
2007500 134 973
2007500 135 1287
2008000 128 1351
2008000 129 2120
2008000 130 3027
2008000 131 2584
2008000 132 1487
2008000 133 1203
2008000 134 973
2008000 135 1287
2008500 128 1351
2008500 129 2120
2008500 130 3027
2008500 131 2584
2008500 132 1487
2008500 133 1203
2008500 134 973
2008500 135 1287
2009000 128 1351
2009000 129 2120
2009000 130 3027
2009000 131 2584
2009000 132 1487
2009000 133 1203
2009000 134 973
2009000 135 1287
2009500 128 1351
2009500 129 2120
2009500 130 3027
2009500 131 2584
2009500 132 1487
2009500 133 1203
2009500 134 973
2009500 135 1287
2010000 128 1351
2010000 129 2120
2010000 130 3027
2010000 131 2584
2010000 132 1487
2010000 133 1203
2010000 134 973
2010000 135 1287
2010500 128 1351
2010500 129 2120
2010500 130 3027
2010500 131 2584
2010500 132 1487
2010500 133 1203
2010500 134 973
2010500 135 1287
2011000 128 1351
2011000 129 2120
2011000 130 3027
2011000 131 2584
2011000 132 1487
2011000 133 1203
2011000 134 973
2011000 135 1287
2011500 128 1351
2011500 129 2120
2011500 130 3027
2011500 131 2584
2011500 132 1487
2011500 133 1203
2011500 134 973
2011500 135 1287
2012000 128 1351
2012000 129 2120
2012000 130 3027
2012000 131 2584
2012000 132 1487
2012000 133 1203
2012000 134 973
2012000 135 1287
2012500 128 1351
2012500 129 2120
2012500 130 3027
2012500 131 2584
2012500 132 1487
2012500 133 1203
2012500 134 973
2012500 135 1287
2013000 128 1351
2013000 129 2120
2013000 130 3027
2013000 131 2584
2013000 132 1487
2013000 133 1203
2013000 134 973
2013000 135 1287
2013500 128 1351
2013500 129 2120
2013500 130 3027
2013500 131 2584
2013500 132 1487
2013500 133 1203
2013500 134 973
2013500 135 1287
2014000 128 1351
2014000 129 2120
2014000 130 3027
2014000 131 2584
2014000 132 1487
2014000 133 1203
2014000 134 973
2014000 135 1287
2014500 128 1351
2014500 129 2120
2014500 130 3027
2014500 131 2584
2014500 132 1487
2014500 133 1203
2014500 134 973
2014500 135 1287
2015000 128 1351
2015000 129 2120
2015000 130 3027
2015000 131 2584
2015000 132 1487
2015000 133 1203
2015000 134 973
2015000 135 1287
2015500 128 1351
2015500 129 2120
2015500 130 3027
2015500 131 2584
2015500 132 1487
2015500 133 1203
2015500 134 973
2015500 135 1287
2016000 128 1351
2016000 129 2120
2016000 130 3027
2016000 131 2584
2016000 132 1487
2016000 133 1203
2016000 134 973
2016000 135 1287
2016500 128 1351
2016500 129 2120
2016500 130 3027
2016500 131 2584
2016500 132 1487
2016500 133 1203
2016500 134 973
2016500 135 1287
2017000 128 1351
2017000 129 2120
2017000 130 3027
2017000 131 2584
2017000 132 1487
2017000 133 1203
2017000 134 973
2017000 135 1287
2017500 128 1351
2017500 129 2120
2017500 130 3027
2017500 131 2584
2017500 132 1487
2017500 133 1203
2017500 134 973
2017500 135 1287
2018000 128 1351
2018000 129 2120
2018000 130 3027
2018000 131 2584
2018000 132 1487
2018000 133 1203
2018000 134 973
2018000 135 1287
2018500 128 1351
2018500 129 2120
2018500 130 3027
2018500 131 2584
2018500 132 1487
2018500 133 1203
2018500 134 973
2018500 135 1287
2019000 128 1351
2019000 129 2120
2019000 130 3027
2019000 131 2584
2019000 132 1487
2019000 133 1203
2019000 134 973
2019000 135 1287
2019500 128 1351
2019500 129 2120
2019500 130 3027
2019500 131 2584
2019500 132 1487
2019500 133 1203
2019500 134 973
2019500 135 1287
2020000 128 1351
2020000 129 2120
2020000 130 3027
2020000 131 2584
2020000 132 1487
2020000 133 1203
2020000 134 973
2020000 135 1287
2020500 128 1351
2020500 129 2120
2020500 130 3027
2020500 131 2584
2020500 132 1487
2020500 133 1203
2020500 134 973
2020500 135 1287
2021000 128 1351
2021000 129 2120
2021000 130 3027
2021000 131 2584
2021000 132 1487
2021000 133 1203
2021000 134 973
2021000 135 1287
2021500 128 1351
2021500 129 2120
2021500 130 3027
2021500 131 2584
2021500 132 1487
2021500 133 1203
2021500 134 973
2021500 135 1287
2022000 128 1351
2022000 129 2120
2022000 130 3027
2022000 131 2584
2022000 132 1487
2022000 133 1203
2022000 134 973
2022000 135 1287
2022500 128 1351
2022500 129 2120
2022500 130 3027
2022500 131 2584
2022500 132 1487
2022500 133 1203
2022500 134 973
2022500 135 1287
2023000 128 1351
2023000 129 2120
2023000 130 3027
2023000 131 2584
2023000 132 1487
2023000 133 1203
2023000 134 973
2023000 135 1287
2023500 128 1351
2023500 129 2120
2023500 130 3027
2023500 131 2584
2023500 132 1487
2023500 133 1203
2023500 134 973
2023500 135 1287
2024000 128 1351
2024000 129 2120
2024000 130 3027
2024000 131 2584
2024000 132 1487
2024000 133 1203
2024000 134 973
2024000 135 1287
2024500 128 1351
2024500 129 2120
2024500 130 3027
2024500 131 2584
2024500 132 1487
2024500 133 1203
2024500 134 973
2024500 135 1287
2025000 128 1351
2025000 129 2120
2025000 130 3027
2025000 131 2584
2025000 132 1487
2025000 133 1203
2025000 134 973
2025000 135 1287
2025500 128 1351
2025500 129 2120
2025500 130 3027
2025500 131 2584
2025500 132 1487
2025500 133 1203
2025500 134 973
2025500 135 1287
2026000 128 1351
2026000 129 2120
2026000 130 3027
2026000 131 2584
2026000 132 1487
2026000 133 1203
2026000 134 973
2026000 135 1287
2026500 128 1351
2026500 129 2120
2026500 130 3027
2026500 131 2584
2026500 132 1487
2026500 133 1203
2026500 134 973
2026500 135 1287
2027000 128 1351
2027000 129 2120
2027000 130 3027
2027000 131 2584
2027000 132 1487
2027000 133 1203
2027000 134 973
2027000 135 1287
2027500 128 1351
2027500 129 2120
2027500 130 3027
2027500 131 2584
2027500 132 1487
2027500 133 1203
2027500 134 973
2027500 135 1287
2028000 128 1351
2028000 129 2120
2028000 130 3027
2028000 131 2584
2028000 132 1487
2028000 133 1203
2028000 134 973
2028000 135 1287
2028500 128 1351
2028500 129 2120
2028500 130 3027
2028500 131 2584
2028500 132 1487
2028500 133 1203
2028500 134 973
2028500 135 1287
2029000 128 1351
2029000 129 2120
2029000 130 3027
2029000 131 2584
2029000 132 1487
2029000 133 1203
2029000 134 973
2029000 135 1287
2029500 128 1351
2029500 129 2120
2029500 130 3027
2029500 131 2584
2029500 132 1487
2029500 133 1203
2029500 134 973
2029500 135 1287
2030000 128 1351
2030000 129 2120
2030000 130 3027
2030000 131 2584
2030000 132 1487
2030000 133 1203
2030000 134 973
2030000 135 1287
2030500 128 1351
2030500 129 2120
2030500 130 3027
2030500 131 2584
2030500 132 1487
2030500 133 1203
2030500 134 973
2030500 135 1287
2031000 128 1351
2031000 129 2120
2031000 130 3027
2031000 131 2584
2031000 132 1487
2031000 133 1203
2031000 134 973
2031000 135 1287
2031500 128 1351
2031500 129 2120
2031500 130 3027
2031500 131 2584
2031500 132 1487
2031500 133 1203
2031500 134 973
2031500 135 1287
2032000 128 1351
2032000 129 2120
2032000 130 3027
2032000 131 2584
2032000 132 1487
2032000 133 1203
2032000 134 973
2032000 135 1287
2032500 128 1351
2032500 129 2120
2032500 130 3027
2032500 131 2584
2032500 132 1487
2032500 133 1203
2032500 134 973
2032500 135 1287
2033000 128 1351
2033000 129 2120
2033000 130 3027
2033000 131 2584
2033000 132 1487
2033000 133 1203
2033000 134 973
2033000 135 1287
2033500 128 1351
2033500 129 2120
2033500 130 3027
2033500 131 2584
2033500 132 1487
2033500 133 1203
2033500 134 973
2033500 135 1287
2034000 128 1351
2034000 129 2120
2034000 130 3027
2034000 131 2584
2034000 132 1487
2034000 133 1203
2034000 134 973
2034000 135 1287
2034500 128 1351
2034500 129 2120
2034500 130 3027
2034500 131 2584
2034500 132 1487
2034500 133 1203
2034500 134 973
2034500 135 1287
2035000 128 1351
2035000 129 2120
2035000 130 3027
2035000 131 2584
2035000 132 1487
2035000 133 1203
2035000 134 973
2035000 135 1287
2035500 128 1351
2035500 129 2120
2035500 130 3027
2035500 131 2584
2035500 132 1487
2035500 133 1203
2035500 134 973
2035500 135 1287
2036000 128 1351
2036000 129 2120
2036000 130 3027
2036000 131 2584
2036000 132 1487
2036000 133 1203
2036000 134 973
2036000 135 1287
2036500 128 1351
2036500 129 2120
2036500 130 3027
2036500 131 2584
2036500 132 1487
2036500 133 1203
2036500 134 973
2036500 135 1287
2037000 128 1351
2037000 129 2120
2037000 130 3027
2037000 131 2584
2037000 132 1487
2037000 133 1203
2037000 134 973
2037000 135 1287
2037500 128 1351
2037500 129 2120
2037500 130 3027
2037500 131 2584
2037500 132 1487
2037500 133 1203
2037500 134 973
2037500 135 1287
2038000 128 1351
2038000 129 2120
2038000 130 3027
2038000 131 2584
2038000 132 1487
2038000 133 1203
2038000 134 973
2038000 135 1287
2038500 128 1351
2038500 129 2120
2038500 130 3027
2038500 131 2584
2038500 132 1487
2038500 133 1203
2038500 134 973
2038500 135 1287
2039000 128 1351
2039000 129 2120
2039000 130 3027
2039000 131 2584
2039000 132 1487
2039000 133 1203
2039000 134 973
2039000 135 1287
2039500 128 1351
2039500 129 2120
2039500 130 3027
2039500 131 2584
2039500 132 1487
2039500 133 1203
2039500 134 973
2039500 135 1287
2040000 128 1351
2040000 129 2120
2040000 130 3027
2040000 131 2584
2040000 132 1487
2040000 133 1203
2040000 134 973
2040000 135 1287
2040500 128 1351
2040500 129 2120
2040500 130 3027
2040500 131 2584
2040500 132 1487
2040500 133 1203
2040500 134 973
2040500 135 1287
2041000 128 1351
2041000 129 2120
2041000 130 3027
2041000 131 2584
2041000 132 1487
2041000 133 1203
2041000 134 973
2041000 135 1287
2041500 128 1351
2041500 129 2120
2041500 130 3027
2041500 131 2584
2041500 132 1487
2041500 133 1203
2041500 134 973
2041500 135 1287
2042000 128 1351
2042000 129 2120
2042000 130 3027
2042000 131 2584
2042000 132 1487
2042000 133 1203
2042000 134 973
2042000 135 1287
2042500 128 1351
2042500 129 2120
2042500 130 3027
2042500 131 2584
2042500 132 1487
2042500 133 1203
2042500 134 973
2042500 135 1287
2043000 128 1351
2043000 129 2120
2043000 130 3027
2043000 131 2584
2043000 132 1487
2043000 133 1203
2043000 134 973
2043000 135 1287
2043500 128 1351
2043500 129 2120
2043500 130 3027
2043500 131 2584
2043500 132 1487
2043500 133 1203
2043500 134 973
2043500 135 1287
2044000 128 1351
2044000 129 2120
2044000 130 3027
2044000 131 2584
2044000 132 1487
2044000 133 1203
2044000 134 973
2044000 135 1287
2044500 128 1351
2044500 129 2120
2044500 130 3027
2044500 131 2584
2044500 132 1487
2044500 133 1203
2044500 134 973
2044500 135 1287
2045000 128 1351
2045000 129 2120
2045000 130 3027
2045000 131 2584
2045000 132 1487
2045000 133 1203
2045000 134 973
2045000 135 1287
2045500 128 1351
2045500 129 2120
2045500 130 3027
2045500 131 2584
2045500 132 1487
2045500 133 1203
2045500 134 973
2045500 135 1287
2046000 128 1351
2046000 129 2120
2046000 130 3027
2046000 131 2584
2046000 132 1487
2046000 133 1203
2046000 134 973
2046000 135 1287
2046500 128 1351
2046500 129 2120
2046500 130 3027
2046500 131 2584
2046500 132 1487
2046500 133 1203
2046500 134 973
2046500 135 1287
2047000 128 1351
2047000 129 2120
2047000 130 3027
2047000 131 2584
2047000 132 1487
2047000 133 1203
2047000 134 973
2047000 135 1287
2047500 128 1351
2047500 129 2120
2047500 130 3027
2047500 131 2584
2047500 132 1487
2047500 133 1203
2047500 134 973
2047500 135 1287
2048000 128 1351
2048000 129 2120
2048000 130 3027
2048000 131 2584
2048000 132 1487
2048000 133 1203
2048000 134 973
2048000 135 1287
2048500 128 1351
2048500 129 2120
2048500 130 3027
2048500 131 2584
2048500 132 1487
2048500 133 1203
2048500 134 973
2048500 135 1287
2049000 128 1351
2049000 129 2120
2049000 130 3027
2049000 131 2584
2049000 132 1487
2049000 133 1203
2049000 134 973
2049000 135 1287
2049500 128 1351
2049500 129 2120
2049500 130 3027
2049500 131 2584
2049500 132 1487
2049500 133 1203
2049500 134 973
2049500 135 1287
2050000 128 1351
2050000 129 2120
2050000 130 3027
2050000 131 2584
2050000 132 1487
2050000 133 1203
2050000 134 973
2050000 135 1287
2050500 128 1351
2050500 129 2120
2050500 130 3027
2050500 131 2584
2050500 132 1487
2050500 133 1203
2050500 134 973
2050500 135 1287
2051000 128 1351
2051000 129 2120
2051000 130 3027
2051000 131 2584
2051000 132 1487
2051000 133 1203
2051000 134 973
2051000 135 1287
2051500 128 1351
2051500 129 2120
2051500 130 3027
2051500 131 2584
2051500 132 1487
2051500 133 1203
2051500 134 973
2051500 135 1287
2052000 128 1351
2052000 129 2120
2052000 130 3027
2052000 131 2584
2052000 132 1487
2052000 133 1203
2052000 134 973
2052000 135 1287
2052500 128 1351
2052500 129 2120
2052500 130 3027
2052500 131 2584
2052500 132 1487
2052500 133 1203
2052500 134 973
2052500 135 1287
2053000 128 1351
2053000 129 2120
2053000 130 3027
2053000 131 2584
2053000 132 1487
2053000 133 1203
2053000 134 973
2053000 135 1287
2053500 128 1351
2053500 129 2120
2053500 130 3027
2053500 131 2584
2053500 132 1487
2053500 133 1203
2053500 134 973
2053500 135 1287
2054000 128 1351
2054000 129 2120
2054000 130 3027
2054000 131 2584
2054000 132 1487
2054000 133 1203
2054000 134 973
2054000 135 1287
2054500 128 1351
2054500 129 2120
2054500 130 3027
2054500 131 2584
2054500 132 1487
2054500 133 1203
2054500 134 973
2054500 135 1287
2055000 128 1351
2055000 129 2120
2055000 130 3027
2055000 131 2584
2055000 132 1487
2055000 133 1203
2055000 134 973
2055000 135 1287
2055500 128 1351
2055500 129 2120
2055500 130 3027
2055500 131 2584
2055500 132 1487
2055500 133 1203
2055500 134 973
2055500 135 1287
2056000 128 1351
2056000 129 2120
2056000 130 3027
2056000 131 2584
2056000 132 1487
2056000 133 1203
2056000 134 973
2056000 135 1287
2056500 128 1351
2056500 129 2120
2056500 130 3027
2056500 131 2584
2056500 132 1487
2056500 133 1203
2056500 134 973
2056500 135 1287
2057000 128 1351
2057000 129 2120
2057000 130 3027
2057000 131 2584
2057000 132 1487
2057000 133 1203
2057000 134 973
2057000 135 1287
2057500 128 1351
2057500 129 2120
2057500 130 3027
2057500 131 2584
2057500 132 1487
2057500 133 1203
2057500 134 973
2057500 135 1287
2058000 128 1351
2058000 129 2120
2058000 130 3027
2058000 131 2584
2058000 132 1487
2058000 133 1203
2058000 134 973
2058000 135 1287
2058500 128 1351
2058500 129 2120
2058500 130 3027
2058500 131 2584
2058500 132 1487
2058500 133 1203
2058500 134 973
2058500 135 1287
2059000 128 1351
2059000 129 2120
2059000 130 3027
2059000 131 2584
2059000 132 1487
2059000 133 1203
2059000 134 973
2059000 135 1287
2059500 128 1351
2059500 129 2120
2059500 130 3027
2059500 131 2584
2059500 132 1487
2059500 133 1203
2059500 134 973
2059500 135 1287
2060000 128 1351
2060000 129 2120
2060000 130 3027
2060000 131 2584
2060000 132 1487
2060000 133 1203
2060000 134 973
2060000 135 1287
2060500 128 1351
2060500 129 2120
2060500 130 3027
2060500 131 2584
2060500 132 1487
2060500 133 1203
2060500 134 973
2060500 135 1287
2061000 128 1351
2061000 129 2120
2061000 130 3027
2061000 131 2584
2061000 132 1487
2061000 133 1203
2061000 134 973
2061000 135 1287
2061500 128 1351
2061500 129 2120
2061500 130 3027
2061500 131 2584
2061500 132 1487
2061500 133 1203
2061500 134 973
2061500 135 1287
2062000 128 1351
2062000 129 2120
2062000 130 3027
2062000 131 2584
2062000 132 1487
2062000 133 1203
2062000 134 973
2062000 135 1287
2062500 128 1351
2062500 129 2120
2062500 130 3027
2062500 131 2584
2062500 132 1487
2062500 133 1203
2062500 134 973
2062500 135 1287
2063000 128 1351
2063000 129 2120
2063000 130 3027
2063000 131 2584
2063000 132 1487
2063000 133 1203
2063000 134 973
2063000 135 1287
2063500 128 1351
2063500 129 2120
2063500 130 3027
2063500 131 2584
2063500 132 1487
2063500 133 1203
2063500 134 973
2063500 135 1287
2064000 128 1351
2064000 129 2120
2064000 130 3027
2064000 131 2584
2064000 132 1487
2064000 133 1203
2064000 134 973
2064000 135 1287
2064500 128 1351
2064500 129 2120
2064500 130 3027
2064500 131 2584
2064500 132 1487
2064500 133 1203
2064500 134 973
2064500 135 1287
2065000 128 1351
2065000 129 2120
2065000 130 3027
2065000 131 2584
2065000 132 1487
2065000 133 1203
2065000 134 973
2065000 135 1287
2065500 128 1351
2065500 129 2120
2065500 130 3027
2065500 131 2584
2065500 132 1487
2065500 133 1203
2065500 134 973
2065500 135 1287
2066000 128 1351
2066000 129 2120
2066000 130 3027
2066000 131 2584
2066000 132 1487
2066000 133 1203
2066000 134 973
2066000 135 1287
2066500 128 1351
2066500 129 2120
2066500 130 3027
2066500 131 2584
2066500 132 1487
2066500 133 1203
2066500 134 973
2066500 135 1287
2067000 128 1351
2067000 129 2120
2067000 130 3027
2067000 131 2584
2067000 132 1487
2067000 133 1203
2067000 134 973
2067000 135 1287
2067500 128 1351
2067500 129 2120
2067500 130 3027
2067500 131 2584
2067500 132 1487
2067500 133 1203
2067500 134 973
2067500 135 1287
2068000 128 1351
2068000 129 2120
2068000 130 3027
2068000 131 2584
2068000 132 1487
2068000 133 1203
2068000 134 973
2068000 135 1287
2068500 128 1351
2068500 129 2120
2068500 130 3027
2068500 131 2584
2068500 132 1487
2068500 133 1203
2068500 134 973
2068500 135 1287
2069000 128 1351
2069000 129 2120
2069000 130 3027
2069000 131 2584
2069000 132 1487
2069000 133 1203
2069000 134 973
2069000 135 1287
2069500 128 1351
2069500 129 2120
2069500 130 3027
2069500 131 2584
2069500 132 1487
2069500 133 1203
2069500 134 973
2069500 135 1287
2070000 128 1351
2070000 129 2120
2070000 130 3027
2070000 131 2584
2070000 132 1487
2070000 133 1203
2070000 134 973
2070000 135 1287
2070500 128 1351
2070500 129 2120
2070500 130 3027
2070500 131 2584
2070500 132 1487
2070500 133 1203
2070500 134 973
2070500 135 1287
2071000 128 1351
2071000 129 2120
2071000 130 3027
2071000 131 2584
2071000 132 1487
2071000 133 1203
2071000 134 973
2071000 135 1287
2071500 128 1351
2071500 129 2120
2071500 130 3027
2071500 131 2584
2071500 132 1487
2071500 133 1203
2071500 134 973
2071500 135 1287
2072000 128 1351
2072000 129 2120
2072000 130 3027
2072000 131 2584
2072000 132 1487
2072000 133 1203
2072000 134 973
2072000 135 1287
2072500 128 1351
2072500 129 2120
2072500 130 3027
2072500 131 2584
2072500 132 1487
2072500 133 1203
2072500 134 973
2072500 135 1287
2073000 128 1351
2073000 129 2120
2073000 130 3027
2073000 131 2584
2073000 132 1487
2073000 133 1203
2073000 134 973
2073000 135 1287
2073500 128 1351
2073500 129 2120
2073500 130 3027
2073500 131 2584
2073500 132 1487
2073500 133 1203
2073500 134 973
2073500 135 1287
2074000 128 1351
2074000 129 2120
2074000 130 3027
2074000 131 2584
2074000 132 1487
2074000 133 1203
2074000 134 973
2074000 135 1287
2074500 128 1351
2074500 129 2120
2074500 130 3027
2074500 131 2584
2074500 132 1487
2074500 133 1203
2074500 134 973
2074500 135 1287
2075000 128 1351
2075000 129 2120
2075000 130 3027
2075000 131 2584
2075000 132 1487
2075000 133 1203
2075000 134 973
2075000 135 1287
2075500 128 1351
2075500 129 2120
2075500 130 3027
2075500 131 2584
2075500 132 1487
2075500 133 1203
2075500 134 973
2075500 135 1287
2076000 128 1351
2076000 129 2120
2076000 130 3027
2076000 131 2584
2076000 132 1487
2076000 133 1203
2076000 134 973
2076000 135 1287
2076500 128 1351
2076500 129 2120
2076500 130 3027
2076500 131 2584
2076500 132 1487
2076500 133 1203
2076500 134 973
2076500 135 1287
2077000 128 1351
2077000 129 2120
2077000 130 3027
2077000 131 2584
2077000 132 1487
2077000 133 1203
2077000 134 973
2077000 135 1287
2077500 128 1351
2077500 129 2120
2077500 130 3027
2077500 131 2584
2077500 132 1487
2077500 133 1203
2077500 134 973
2077500 135 1287
2078000 128 1351
2078000 129 2120
2078000 130 3027
2078000 131 2584
2078000 132 1487
2078000 133 1203
2078000 134 973
2078000 135 1287
2078500 128 1351
2078500 129 2120
2078500 130 3027
2078500 131 2584
2078500 132 1487
2078500 133 1203
2078500 134 973
2078500 135 1287
2079000 128 1351
2079000 129 2120
2079000 130 3027
2079000 131 2584
2079000 132 1487
2079000 133 1203
2079000 134 973
2079000 135 1287
2079500 128 1351
2079500 129 2120
2079500 130 3027
2079500 131 2584
2079500 132 1487
2079500 133 1203
2079500 134 973
2079500 135 1287
2080000 128 1351
2080000 129 2120
2080000 130 3027
2080000 131 2584
2080000 132 1487
2080000 133 1203
2080000 134 973
2080000 135 1287
2080500 128 1351
2080500 129 2120
2080500 130 3027
2080500 131 2584
2080500 132 1487
2080500 133 1203
2080500 134 973
2080500 135 1287
2081000 128 1351
2081000 129 2120
2081000 130 3027
2081000 131 2584
2081000 132 1487
2081000 133 1203
2081000 134 973
2081000 135 1287
2081500 128 1351
2081500 129 2120
2081500 130 3027
2081500 131 2584
2081500 132 1487
2081500 133 1203
2081500 134 973
2081500 135 1287
2082000 128 1351
2082000 129 2120
2082000 130 3027
2082000 131 2584
2082000 132 1487
2082000 133 1203
2082000 134 973
2082000 135 1287
2082500 128 1351
2082500 129 2120
2082500 130 3027
2082500 131 2584
2082500 132 1487
2082500 133 1203
2082500 134 973
2082500 135 1287
2083000 128 1351
2083000 129 2120
2083000 130 3027
2083000 131 2584
2083000 132 1487
2083000 133 1203
2083000 134 973
2083000 135 1287
2083500 128 1351
2083500 129 2120
2083500 130 3027
2083500 131 2584
2083500 132 1487
2083500 133 1203
2083500 134 973
2083500 135 1287
2084000 128 1351
2084000 129 2120
2084000 130 3027
2084000 131 2584
2084000 132 1487
2084000 133 1203
2084000 134 973
2084000 135 1287
2084500 128 1351
2084500 129 2120
2084500 130 3027
2084500 131 2584
2084500 132 1487
2084500 133 1203
2084500 134 973
2084500 135 1287
2085000 128 1351
2085000 129 2120
2085000 130 3027
2085000 131 2584
2085000 132 1487
2085000 133 1203
2085000 134 973
2085000 135 1287
2085500 128 1351
2085500 129 2120
2085500 130 3027
2085500 131 2584
2085500 132 1487
2085500 133 1203
2085500 134 973
2085500 135 1287
2086000 128 1351
2086000 129 2120
2086000 130 3027
2086000 131 2584
2086000 132 1487
2086000 133 1203
2086000 134 973
2086000 135 1287
2086500 128 1351
2086500 129 2120
2086500 130 3027
2086500 131 2584
2086500 132 1487
2086500 133 1203
2086500 134 973
2086500 135 1287
2087000 128 1351
2087000 129 2120
2087000 130 3027
2087000 131 2584
2087000 132 1487
2087000 133 1203
2087000 134 973
2087000 135 1287
2087500 128 1351
2087500 129 2120
2087500 130 3027
2087500 131 2584
2087500 132 1487
2087500 133 1203
2087500 134 973
2087500 135 1287
2088000 128 1351
2088000 129 2120
2088000 130 3027
2088000 131 2584
2088000 132 1487
2088000 133 1203
2088000 134 973
2088000 135 1287
2088500 128 1351
2088500 129 2120
2088500 130 3027
2088500 131 2584
2088500 132 1487
2088500 133 1203
2088500 134 973
2088500 135 1287
2089000 128 1351
2089000 129 2120
2089000 130 3027
2089000 131 2584
2089000 132 1487
2089000 133 1203
2089000 134 973
2089000 135 1287
2089500 128 1351
2089500 129 2120
2089500 130 3027
2089500 131 2584
2089500 132 1487
2089500 133 1203
2089500 134 973
2089500 135 1287
2090000 128 1351
2090000 129 2120
2090000 130 3027
2090000 131 2584
2090000 132 1487
2090000 133 1203
2090000 134 973
2090000 135 1287
2090500 128 1351
2090500 129 2120
2090500 130 3027
2090500 131 2584
2090500 132 1487
2090500 133 1203
2090500 134 973
2090500 135 1287
2091000 128 1351
2091000 129 2120
2091000 130 3027
2091000 131 2584
2091000 132 1487
2091000 133 1203
2091000 134 973
2091000 135 1287
2091500 128 1351
2091500 129 2120
2091500 130 3027
2091500 131 2584
2091500 132 1487
2091500 133 1203
2091500 134 973
2091500 135 1287
2092000 128 1351
2092000 129 2120
2092000 130 3027
2092000 131 2584
2092000 132 1487
2092000 133 1203
2092000 134 973
2092000 135 1287
2092500 128 1351
2092500 129 2120
2092500 130 3027
2092500 131 2584
2092500 132 1487
2092500 133 1203
2092500 134 973
2092500 135 1287
2093000 128 1351
2093000 129 2120
2093000 130 3027
2093000 131 2584
2093000 132 1487
2093000 133 1203
2093000 134 973
2093000 135 1287
2093500 128 1351
2093500 129 2120
2093500 130 3027
2093500 131 2584
2093500 132 1487
2093500 133 1203
2093500 134 973
2093500 135 1287
2094000 128 1351
2094000 129 2120
2094000 130 3027
2094000 131 2584
2094000 132 1487
2094000 133 1203
2094000 134 973
2094000 135 1287
2094500 128 1351
2094500 129 2120
2094500 130 3027
2094500 131 2584
2094500 132 1487
2094500 133 1203
2094500 134 973
2094500 135 1287
2095000 128 1351
2095000 129 2120
2095000 130 3027
2095000 131 2584
2095000 132 1487
2095000 133 1203
2095000 134 973
2095000 135 1287
2095500 128 1351
2095500 129 2120
2095500 130 3027
2095500 131 2584
2095500 132 1487
2095500 133 1203
2095500 134 973
2095500 135 1287
2096000 128 1351
2096000 129 2120
2096000 130 3027
2096000 131 2584
2096000 132 1487
2096000 133 1203
2096000 134 973
2096000 135 1287
2096500 128 1351
2096500 129 2120
2096500 130 3027
2096500 131 2584
2096500 132 1487
2096500 133 1203
2096500 134 973
2096500 135 1287
2097000 128 1351
2097000 129 2120
2097000 130 3027
2097000 131 2584
2097000 132 1487
2097000 133 1203
2097000 134 973
2097000 135 1287
2097500 128 1351
2097500 129 2120
2097500 130 3027
2097500 131 2584
2097500 132 1487
2097500 133 1203
2097500 134 973
2097500 135 1287
2098000 128 1351
2098000 129 2120
2098000 130 3027
2098000 131 2584
2098000 132 1487
2098000 133 1203
2098000 134 973
2098000 135 1287
2098500 128 1351
2098500 129 2120
2098500 130 3027
2098500 131 2584
2098500 132 1487
2098500 133 1203
2098500 134 973
2098500 135 1287
2099000 128 1351
2099000 129 2120
2099000 130 3027
2099000 131 2584
2099000 132 1487
2099000 133 1203
2099000 134 973
2099000 135 1287
2099500 128 1351
2099500 129 2120
2099500 130 3027
2099500 131 2584
2099500 132 1487
2099500 133 1203
2099500 134 973
2099500 135 1287
2100000 128 1351
2100000 129 2120
2100000 130 3027
2100000 131 2584
2100000 132 1487
2100000 133 1203
2100000 134 973
2100000 135 1287
2100500 128 1351
2100500 129 2120
2100500 130 3027
2100500 131 2584
2100500 132 1487
2100500 133 1203
2100500 134 973
2100500 135 1287
2101000 128 1351
2101000 129 2120
2101000 130 3027
2101000 131 2584
2101000 132 1487
2101000 133 1203
2101000 134 973
2101000 135 1287
2101500 128 1351
2101500 129 2120
2101500 130 3027
2101500 131 2584
2101500 132 1487
2101500 133 1203
2101500 134 973
2101500 135 1287
2102000 128 1351
2102000 129 2120
2102000 130 3027
2102000 131 2584
2102000 132 1487
2102000 133 1203
2102000 134 973
2102000 135 1287
