SLOWDOWN#1BDP=104000Bytes
#Category,Avg  ,50%  ,95%   ,99%   ,99.9% 
<1BDP,1.000,1.000,1.000,1.000,1.000
>1BDP,2.737,2.580,4.908,5.393,5.466
#
#
#
#
#
#CDF   Size	Avg   50%   95%    99%    99.9% 
#0.050 209715200	1.008 1.011 1.014 1.014 1.014
#0.100 209715200	1.028 1.028 1.036 1.036 1.036
#0.150 209715200	1.127 1.064 1.318 1.318 1.318
#0.200 209715200	1.517 1.480 1.644 1.644 1.644
#0.250 209715200	1.834 1.861 1.872 1.872 1.872
#0.300 209715200	1.940 1.961 1.974 1.974 1.974
#0.350 209715200	2.081 2.087 2.116 2.116 2.116
#0.400 209715200	2.165 2.147 2.206 2.206 2.206
#0.450 209715200	2.272 2.298 2.345 2.345 2.345
#0.500 209715200	2.460 2.443 2.572 2.572 2.572
#0.550 209715200	2.702 2.752 2.836 2.836 2.836
#0.600 209715200	2.892 2.893 2.949 2.949 2.949
#0.650 209715200	3.075 3.073 3.100 3.100 3.100
#0.700 209715200	3.204 3.208 3.264 3.264 3.264
#0.750 209715200	3.462 3.486 3.538 3.538 3.538
#0.800 209715200	3.599 3.615 3.657 3.657 3.657
#0.850 209715200	3.879 3.923 4.035 4.035 4.035
#0.900 209715200	4.206 4.219 4.375 4.375 4.375
#0.950 209715200	4.542 4.530 4.826 4.826 4.826
#1.000 209715200	5.187 5.135 5.471 5.471 5.471
#
#
#
#
#
ABSOLUTE#1BDP=104000Bytes
#Category,Avg  ,50%  ,95%   ,99%   ,99.9% 
<1BDP,4.166,4.166,4.166,4.166,4.166
>1BDP,48192.567,45386.600,86334.350,94859.592,101468.255
#
#
#
#
#
#CDF  ,Size  ,Avg   ,50%   ,95%    ,99%    ,99.9%   >> scale: us-scale
#0.050 209715200	28880.328 17779.000 102337.000 102337.000 102337.000
#0.100 209715200	18010.150 18077.200 18108.200 18108.200 18108.200
#0.150 209715200	19105.200 18483.600 23052.200 23052.200 23052.200
#0.200 209715200	25731.867 25749.600 28811.300 28811.300 28811.300
#0.250 209715200	31686.400 32533.500 32883.300 32883.300 32883.300
#0.300 209715200	33831.633 34497.500 34691.600 34691.600 34691.600
#0.350 209715200	36195.633 36300.800 37159.800 37159.800 37159.800
#0.400 209715200	37862.714 37729.800 38720.700 38720.700 38720.700
#0.450 209715200	39567.683 39073.400 41074.000 41074.000 41074.000
#0.500 209715200	42692.914 42158.500 44916.900 44916.900 44916.900
#0.550 209715200	46751.333 47046.200 48457.200 48457.200 48457.200
#0.600 209715200	50541.350 50779.800 50940.200 50940.200 50940.200
#0.650 209715200	53711.771 54009.500 54485.400 54485.400 54485.400
#0.700 209715200	55873.750 56092.000 56924.800 56924.800 56924.800
#0.750 209715200	60205.457 61305.700 62080.500 62080.500 62080.500
#0.800 209715200	62965.783 63371.000 63676.800 63676.800 63676.800
#0.850 209715200	67127.883 68383.400 69326.600 69326.600 69326.600
#0.900 209715200	73137.243 72756.700 74471.700 74471.700 74471.700
#0.950 209715200	78573.900 77530.600 82961.300 82961.300 82961.300
#1.000 209715200	89620.071 89157.000 95442.200 95442.200 95442.200
#
#EOF