1.0 1 1 0.0
1.00462 1 2 0.007874015748031496
1.0055 1 3 0.015748031496062992
1.01094 1 4 0.023622047244094488
1.01272 1 5 0.031496062992125984
1.01419 1 6 0.03937007874015748
1.01752 1 7 0.047244094488188976
1.02723 1 8 0.05511811023622047
1.02789 1 9 0.06299212598425197
1.02799 1 10 0.07086614173228346
1.02965 1 11 0.07874015748031496
1.03625 1 12 0.08661417322834646
1.03641 1 13 0.09448818897637795
1.03923 1 14 0.10236220472440945
1.051 1 15 0.11023622047244094
1.06385 1 16 0.11811023622047244
1.06688 1 17 0.12598425196850394
1.31046 1 18 0.13385826771653545
1.31847 1 19 0.14173228346456693
1.41433 1 20 0.14960629921259844
1.46198 1 21 0.15748031496062992
1.46381 1 22 0.16535433070866143
1.48035 1 23 0.1732283464566929
1.63786 1 24 0.18110236220472442
1.64364 1 25 0.1889763779527559
1.68081 1 26 0.1968503937007874
1.84146 1 27 0.2047244094488189
1.84946 1 28 0.2125984251968504
1.86101 1 29 0.2204724409448819
1.86339 1 30 0.2283464566929134
1.86934 1 31 0.23622047244094488
1.87168 1 32 0.2440944881889764
1.87881 1 33 0.25196850393700787
1.89439 1 34 0.25984251968503935
1.9611 1 35 0.2677165354330709
1.96139 1 36 0.2755905511811024
1.97214 1 37 0.28346456692913385
1.97393 1 38 0.29133858267716534
2.05251 1 39 0.2992125984251969
2.05662 1 40 0.30708661417322836
2.06362 1 41 0.31496062992125984
2.08671 1 42 0.3228346456692913
2.11245 1 43 0.33070866141732286
2.11625 1 44 0.33858267716535434
2.13331 1 45 0.3464566929133858
2.13982 1 46 0.3543307086614173
2.14486 1 47 0.36220472440944884
2.147 1 48 0.3700787401574803
2.18446 1 49 0.3779527559055118
2.20119 1 50 0.3858267716535433
2.20627 1 51 0.3937007874015748
2.21639 1 52 0.4015748031496063
2.21963 1 53 0.4094488188976378
2.22124 1 54 0.41732283464566927
2.29752 1 55 0.4251968503937008
2.33497 1 56 0.4330708661417323
2.34459 1 57 0.4409448818897638
2.36862 1 58 0.44881889763779526
2.39075 1 59 0.4566929133858268
2.39662 1 60 0.4645669291338583
2.44328 1 61 0.47244094488188976
2.49169 1 62 0.48031496062992124
2.55343 1 63 0.4881889763779528
2.57245 1 64 0.49606299212598426
2.58013 1 65 0.5039370078740157
2.61278 1 66 0.5118110236220472
2.67447 1 67 0.5196850393700787
2.75174 1 68 0.5275590551181102
2.75468 1 69 0.5354330708661418
2.8358 1 70 0.5433070866141733
2.86363 1 71 0.5511811023622047
2.8643 1 72 0.5590551181102362
2.88672 1 73 0.5669291338582677
2.89269 1 74 0.5748031496062992
2.89584 1 75 0.5826771653543307
2.94889 1 76 0.5905511811023622
3.03007 1 77 0.5984251968503937
3.06647 1 78 0.6062992125984252
3.07032 1 79 0.6141732283464567
3.07273 1 80 0.6220472440944882
3.0879 1 81 0.6299212598425197
3.09737 1 82 0.6377952755905512
3.1004 1 83 0.6456692913385826
3.147 1 84 0.6535433070866141
3.17807 1 85 0.6614173228346457
3.18871 1 86 0.6692913385826772
3.20756 1 87 0.6771653543307087
3.23605 1 88 0.6850393700787402
3.26365 1 89 0.6929133858267716
3.27929 1 90 0.7007874015748031
3.40606 1 91 0.7086614173228346
3.48509 1 92 0.7165354330708661
3.4857 1 93 0.7244094488188977
3.50889 1 94 0.7322834645669292
3.52914 1 95 0.7401574803149606
3.53755 1 96 0.7480314960629921
3.54997 1 97 0.7559055118110236
3.55209 1 98 0.7637795275590551
3.6025 1 99 0.7716535433070866
3.61479 1 100 0.7795275590551181
3.61988 1 101 0.7874015748031497
3.65724 1 102 0.7952755905511811
3.66553 1 103 0.8031496062992126
3.82193 1 104 0.8110236220472441
3.88744 1 105 0.8188976377952756
3.92322 1 106 0.8267716535433071
3.94106 1 107 0.8346456692913385
4.03454 1 108 0.84251968503937
4.11685 1 109 0.8503937007874016
4.13028 1 110 0.8582677165354331
4.13605 1 111 0.8661417322834646
4.21918 1 112 0.8740157480314961
4.23336 1 113 0.8818897637795275
4.23355 1 114 0.889763779527559
4.37532 1 115 0.8976377952755905
4.37552 1 116 0.905511811023622
4.39607 1 117 0.9133858267716536
4.40744 1 118 0.9212598425196851
4.52999 1 119 0.9291338582677166
4.71616 1 120 0.937007874015748
4.82608 1 121 0.9448818897637795
4.94298 1 122 0.952755905511811
4.96697 1 123 0.9606299212598425
5.06838 1 124 0.968503937007874
5.13453 1 125 0.9763779527559056
5.29829 1 126 0.984251968503937
5.42567 1 127 0.9921259842519685
5.47144 1 128 1.0
