4.166 1 1 0.0
17667.9 1 2 0.007874015748031496
17683.5 1 3 0.015748031496062992
17779.0 1 4 0.023622047244094488
17810.4 1 5 0.031496062992125984
17836.2 1 6 0.03937007874015748
17894.8 1 7 0.047244094488188976
18065.6 1 8 0.05511811023622047
18077.2 1 9 0.06299212598425197
18078.9 1 10 0.07086614173228346
18108.2 1 11 0.07874015748031496
18224.3 1 12 0.08661417322834646
18227.0 1 13 0.09448818897637795
18276.7 1 14 0.10236220472440945
18483.6 1 15 0.11023622047244094
18709.7 1 16 0.11811023622047244
18762.9 1 17 0.12598425196850394
23052.2 1 18 0.13385826771653545
23192.9 1 19 0.14173228346456693
24879.3 1 20 0.14960629921259844
25717.4 1 21 0.15748031496062992
25749.6 1 22 0.16535433070866143
26040.7 1 23 0.1732283464566929
28811.3 1 24 0.18110236220472442
28913.0 1 25 0.1889763779527559
29566.8 1 26 0.1968503937007874
32392.9 1 27 0.2047244094488189
32533.5 1 28 0.2125984251968504
32736.7 1 29 0.2204724409448819
32778.6 1 30 0.2283464566929134
32883.3 1 31 0.23622047244094488
32924.4 1 32 0.2440944881889764
33049.9 1 33 0.25196850393700787
33323.9 1 34 0.25984251968503935
34497.5 1 35 0.2677165354330709
34502.5 1 36 0.2755905511811024
34691.6 1 37 0.28346456692913385
34723.0 1 38 0.29133858267716534
36105.4 1 39 0.2992125984251969
36177.8 1 40 0.30708661417322836
36300.8 1 41 0.31496062992125984
36707.0 1 42 0.3228346456692913
37159.8 1 43 0.33070866141732286
37226.5 1 44 0.33858267716535434
37526.7 1 45 0.3464566929133858
37641.3 1 46 0.3543307086614173
37729.8 1 47 0.36220472440944884
37767.5 1 48 0.3700787401574803
38426.5 1 49 0.3779527559055118
38720.7 1 50 0.3858267716535433
38810.2 1 51 0.3937007874015748
38988.1 1 52 0.4015748031496063
39045.1 1 53 0.4094488188976378
39073.4 1 54 0.41732283464566927
40415.3 1 55 0.4251968503937008
41074.0 1 56 0.4330708661417323
41243.3 1 57 0.4409448818897638
41666.0 1 58 0.44881889763779526
42055.3 1 59 0.4566929133858268
42158.5 1 60 0.4645669291338583
42979.4 1 61 0.47244094488188976
43831.0 1 62 0.48031496062992124
44916.9 1 63 0.4881889763779528
45251.6 1 64 0.49606299212598426
45386.6 1 65 0.5039370078740157
45961.0 1 66 0.5118110236220472
47046.2 1 67 0.5196850393700787
48405.4 1 68 0.5275590551181102
48457.2 1 69 0.5354330708661418
49884.1 1 70 0.5433070866141733
50373.7 1 71 0.5511811023622047
50385.4 1 72 0.5590551181102362
50779.8 1 73 0.5669291338582677
50884.9 1 74 0.5748031496062992
50940.2 1 75 0.5826771653543307
51873.5 1 76 0.5905511811023622
53301.4 1 77 0.5984251968503937
53941.9 1 78 0.6062992125984252
54009.5 1 79 0.6141732283464567
54051.9 1 80 0.6220472440944882
54318.8 1 81 0.6299212598425197
54485.4 1 82 0.6377952755905512
54538.7 1 83 0.6456692913385826
55358.3 1 84 0.6535433070866141
55904.9 1 85 0.6614173228346457
56092.0 1 86 0.6692913385826772
56423.8 1 87 0.6771653543307087
56924.8 1 88 0.6850393700787402
57410.3 1 89 0.6929133858267716
57685.4 1 90 0.7007874015748031
59915.5 1 91 0.7086614173228346
61305.7 1 92 0.7165354330708661
61316.4 1 93 0.7244094488188977
61724.4 1 94 0.7322834645669292
62080.5 1 95 0.7401574803149606
62228.5 1 96 0.7480314960629921
62446.9 1 97 0.7559055118110236
62484.3 1 98 0.7637795275590551
63371.0 1 99 0.7716535433070866
63587.2 1 100 0.7795275590551181
63676.8 1 101 0.7874015748031497
64333.9 1 102 0.7952755905511811
64479.7 1 103 0.8031496062992126
67231.0 1 104 0.8110236220472441
68383.4 1 105 0.8188976377952756
69012.7 1 106 0.8267716535433071
69326.6 1 107 0.8346456692913385
70970.9 1 108 0.84251968503937
72418.9 1 109 0.8503937007874016
72655.2 1 110 0.8582677165354331
72756.7 1 111 0.8661417322834646
74218.9 1 112 0.8740157480314961
74468.4 1 113 0.8818897637795275
74471.7 1 114 0.889763779527559
76965.5 1 115 0.8976377952755905
76969.0 1 116 0.905511811023622
77330.6 1 117 0.9133858267716536
77530.6 1 118 0.9212598425196851
79686.4 1 119 0.9291338582677166
82961.3 1 120 0.937007874015748
84894.8 1 121 0.9448818897637795
86951.3 1 122 0.952755905511811
87373.2 1 123 0.9606299212598425
89157.0 1 124 0.968503937007874
90320.6 1 125 0.9763779527559056
93201.4 1 126 0.984251968503937
95442.2 1 127 0.9921259842519685
102337.0 1 128 1.0
