17667.9 1 1 0.0
17683.5 1 2 0.007936507936507936
17779.0 1 3 0.015873015873015872
17810.4 1 4 0.023809523809523808
17836.2 1 5 0.031746031746031744
17894.8 1 6 0.03968253968253968
18065.6 1 7 0.047619047619047616
18077.2 1 8 0.05555555555555555
18078.9 1 9 0.06349206349206349
18108.2 1 10 0.07142857142857142
18224.3 1 11 0.07936507936507936
18227.0 1 12 0.0873015873015873
18276.7 1 13 0.09523809523809523
18483.6 1 14 0.10317460317460317
18709.7 1 15 0.1111111111111111
18762.9 1 16 0.11904761904761904
23052.2 1 17 0.12698412698412698
23192.9 1 18 0.1349206349206349
24879.3 1 19 0.14285714285714285
25717.4 1 20 0.15079365079365079
25749.6 1 21 0.15873015873015872
26040.7 1 22 0.16666666666666666
28811.3 1 23 0.1746031746031746
28913.0 1 24 0.18253968253968253
29566.8 1 25 0.19047619047619047
32392.9 1 26 0.1984126984126984
32533.5 1 27 0.20634920634920634
32736.7 1 28 0.21428571428571427
32778.6 1 29 0.2222222222222222
32883.3 1 30 0.23015873015873015
32924.4 1 31 0.23809523809523808
33049.9 1 32 0.24603174603174602
33323.9 1 33 0.25396825396825395
34497.5 1 34 0.2619047619047619
34502.5 1 35 0.2698412698412698
34691.6 1 36 0.2777777777777778
34723.0 1 37 0.2857142857142857
36105.4 1 38 0.29365079365079366
36177.8 1 39 0.30158730158730157
36300.8 1 40 0.30952380952380953
36707.0 1 41 0.31746031746031744
37159.8 1 42 0.3253968253968254
37226.5 1 43 0.3333333333333333
37526.7 1 44 0.3412698412698413
37641.3 1 45 0.3492063492063492
37729.8 1 46 0.35714285714285715
37767.5 1 47 0.36507936507936506
38426.5 1 48 0.373015873015873
38720.7 1 49 0.38095238095238093
38810.2 1 50 0.3888888888888889
38988.1 1 51 0.3968253968253968
39045.1 1 52 0.40476190476190477
39073.4 1 53 0.4126984126984127
40415.3 1 54 0.42063492063492064
41074.0 1 55 0.42857142857142855
41243.3 1 56 0.4365079365079365
41666.0 1 57 0.4444444444444444
42055.3 1 58 0.4523809523809524
42158.5 1 59 0.4603174603174603
42979.4 1 60 0.46825396825396826
43831.0 1 61 0.47619047619047616
44916.9 1 62 0.48412698412698413
45251.6 1 63 0.49206349206349204
45386.6 1 64 0.5
45961.0 1 65 0.5079365079365079
47046.2 1 66 0.5158730158730159
48405.4 1 67 0.5238095238095238
48457.2 1 68 0.5317460317460317
49884.1 1 69 0.5396825396825397
50373.7 1 70 0.5476190476190477
50385.4 1 71 0.5555555555555556
50779.8 1 72 0.5634920634920635
50884.9 1 73 0.5714285714285714
50940.2 1 74 0.5793650793650794
51873.5 1 75 0.5873015873015873
53301.4 1 76 0.5952380952380952
53941.9 1 77 0.6031746031746031
54009.5 1 78 0.6111111111111112
54051.9 1 79 0.6190476190476191
54318.8 1 80 0.626984126984127
54485.4 1 81 0.6349206349206349
54538.7 1 82 0.6428571428571429
55358.3 1 83 0.6507936507936508
55904.9 1 84 0.6587301587301587
56092.0 1 85 0.6666666666666666
56423.8 1 86 0.6746031746031746
56924.8 1 87 0.6825396825396826
57410.3 1 88 0.6904761904761905
57685.4 1 89 0.6984126984126984
59915.5 1 90 0.7063492063492064
61305.7 1 91 0.7142857142857143
61316.4 1 92 0.7222222222222222
61724.4 1 93 0.7301587301587301
62080.5 1 94 0.7380952380952381
62228.5 1 95 0.746031746031746
62446.9 1 96 0.753968253968254
62484.3 1 97 0.7619047619047619
63371.0 1 98 0.7698412698412699
63587.2 1 99 0.7777777777777778
63676.8 1 100 0.7857142857142857
64333.9 1 101 0.7936507936507936
64479.7 1 102 0.8015873015873016
67231.0 1 103 0.8095238095238095
68383.4 1 104 0.8174603174603174
69012.7 1 105 0.8253968253968254
69326.6 1 106 0.8333333333333334
70970.9 1 107 0.8412698412698413
72418.9 1 108 0.8492063492063492
72655.2 1 109 0.8571428571428571
72756.7 1 110 0.8650793650793651
74218.9 1 111 0.873015873015873
74468.4 1 112 0.8809523809523809
74471.7 1 113 0.8888888888888888
76965.5 1 114 0.8968253968253969
76969.0 1 115 0.9047619047619048
77330.6 1 116 0.9126984126984127
77530.6 1 117 0.9206349206349206
79686.4 1 118 0.9285714285714286
82961.3 1 119 0.9365079365079365
84894.8 1 120 0.9444444444444444
86951.3 1 121 0.9523809523809523
87373.2 1 122 0.9603174603174603
89157.0 1 123 0.9682539682539683
90320.6 1 124 0.9761904761904762
93201.4 1 125 0.9841269841269841
95442.2 1 126 0.9920634920634921
102337.0 1 127 1.0
