2000100002 24 15 3 18
2000100002 26 33 3 36
2000100002 28 35 3 38
2000100002 29 21 3 24
2000500002 25 13 4 17
2000500002 28 5 0 5
2000900002 24 25 0 25
2000900002 25 10 0 10
2001000002 24 1 0 1
2001000002 25 1 0 1
2001700002 24 13 0 13
2001700002 25 10 0 10
2001800002 24 6 0 6
2001800002 25 6 0 6
2002800002 24 14 0 14
2002800002 25 7 0 7
2002900002 24 4 0 4
2002900002 25 2 0 2
2004000002 24 5 0 5
2004000002 25 6 0 6
2004100002 24 8 0 8
2004100002 25 6 0 6
2005400002 24 4 0 4
2005400002 25 5 0 5
2005500002 24 13 0 13
2005500002 25 1 0 1
2007000002 24 8 0 8
2007000002 25 5 0 5
2007100002 25 1 0 1
2008100002 24 5 0 5
2008100002 25 3 0 3
2008200002 24 2 0 2
2008200002 25 3 0 3
2009300002 24 11 0 11
2009300002 25 6 0 6
2009400002 24 1 0 1
2009400002 25 1 0 1
2011100002 24 10 0 10
2011100002 25 4 0 4
2011200002 24 1 0 1
2011200002 25 1 0 1
2012600002 24 9 0 9
2012600002 25 5 0 5
2012700002 24 1 0 1
2012700002 25 3 0 3
2014300002 24 4 0 4
2014300002 25 10 0 10
2014400002 24 2 0 2
2014400002 25 3 0 3
2015800002 24 5 0 5
2015800002 25 3 0 3
2015900002 24 5 0 5
2015900002 25 3 0 3
2017300002 24 1 0 1
2017300002 25 2 0 2
2017400002 24 11 0 11
2017400002 25 11 0 11
2017500002 25 1 0 1
2019100002 24 3 0 3
2019100002 25 4 0 4
2019200002 24 10 0 10
2019200002 25 5 0 5
2020700002 24 1 0 1
2020800002 24 5 0 5
2020800002 25 5 0 5
2020900002 24 6 0 6
2020900002 25 3 0 3
2022400002 24 6 0 6
2022400002 25 2 0 2
2022500002 24 9 0 9
2023900002 24 8 0 8
2023900002 25 2 0 2
2024000002 24 5 0 5
2024000002 25 5 0 5
2025500002 24 3 0 3
2025500002 25 4 0 4
2025600002 24 8 0 8
2025600002 25 5 0 5
2027000002 24 4 0 4
2027000002 25 5 0 5
2027100002 24 6 0 6
2027100002 25 6 0 6
2028600002 24 6 0 6
2028600002 25 6 0 6
2028700002 24 1 0 1
2028700002 25 4 0 4
2030100002 24 5 0 5
2030100002 25 5 0 5
2030200002 24 5 0 5
2031600002 24 6 0 6
2031600002 25 5 0 5
2031700002 24 2 0 2
2033000002 24 5 0 5
2033000002 25 3 0 3
2033100002 24 1 0 1
2033100002 25 6 0 6
2034500002 24 3 0 3
2034500002 25 3 0 3
2034600002 24 6 0 6
2034600002 25 5 0 5
2036000002 24 4 0 4
2036000002 25 7 0 7
2036100002 24 2 0 2
2036100002 25 4 0 4
2037600002 24 2 0 2
2037600002 25 1 0 1
2037700002 24 11 0 11
2037700002 25 8 0 8
2039300002 25 1 0 1
2039400002 24 9 0 9
2039400002 25 3 0 3
2039500002 24 5 0 5
2039500002 25 3 0 3
2040900002 24 3 0 3
2040900002 25 2 0 2
2041000002 24 10 0 10
2041000002 25 6 0 6
2042600002 24 4 0 4
2042600002 25 2 0 2
2042700002 24 7 0 7
2042700002 25 4 0 4
2044000002 24 3 0 3
2044000002 25 2 0 2
2044100002 24 7 0 7
2044100002 25 6 0 6
2045500002 24 1 0 1
2045500002 25 1 0 1
2045600002 24 8 0 8
2045600002 25 1 0 1
2045700002 24 3 0 3
2045700002 25 2 0 2
2047200002 24 4 0 4
2047200002 25 4 0 4
2047300002 24 6 0 6
2047300002 25 2 0 2
2048600002 25 1 0 1
2048700002 24 4 0 4
2048700002 25 6 0 6
2048800002 24 4 0 4
2048800002 25 4 0 4
2050200002 24 7 0 7
2050200002 25 5 0 5
2050300002 25 1 0 1
2051500002 24 12 0 12
2051500002 25 9 0 9
2053100002 24 2 0 2
2053100002 25 1 0 1
2053200002 24 10 0 10
2053200002 25 10 0 10
2053300002 24 3 0 3
2053300002 25 4 0 4
2054800002 25 1 0 1
2054900002 24 8 0 8
2054900002 25 9 0 9
2056300002 24 10 0 10
2056300002 25 5 0 5
2057700002 24 4 0 4
2057700002 25 6 0 6
2057800002 24 2 0 2
2057800002 25 4 0 4
2059100002 24 1 0 1
2059100002 25 2 0 2
2059200002 24 7 0 7
2059200002 25 5 0 5
2059300002 24 2 0 2
2059300002 25 2 0 2
2060700002 24 1 0 1
2060700002 25 1 0 1
2060800002 24 4 0 4
2060800002 25 5 0 5
2060900002 24 5 0 5
2060900002 25 3 0 3
2062400002 24 2 0 2
2062400002 25 1 0 1
2062500002 24 7 0 7
2062500002 25 5 0 5
2063900002 24 1 0 1
2063900002 25 1 0 1
2064000002 24 8 0 8
2064000002 25 4 0 4
2064100002 24 1 0 1
2065600002 24 2 0 2
2065600002 25 5 0 5
2065700002 24 6 0 6
2065700002 25 1 0 1
2065800002 24 1 0 1
2065800002 25 2 0 2
2067100002 24 5 0 5
2067100002 25 6 0 6
2067200002 24 5 0 5
2068600002 24 1 0 1
2068700002 24 12 0 12
2068700002 25 9 0 9
2068800002 24 3 0 3
2068800002 25 1 0 1
2070400002 24 9 0 9
2070400002 25 6 0 6
2070500002 24 2 0 2
2071700002 25 2 0 2
2071800002 24 4 0 4
2071800002 25 5 0 5
2071900002 24 6 0 6
2071900002 25 4 0 4
2073300002 24 1 0 1
2073400002 24 7 0 7
2073400002 25 3 0 3
2074600002 24 5 0 5
2074600002 25 3 0 3
2074700002 24 8 0 8
2074700002 25 6 0 6
2076200002 24 3 0 3
2076200002 25 2 0 2
2076300002 24 8 0 8
2076300002 25 4 0 4
2077600002 24 1 0 1
2077600002 25 2 0 2
2077700002 24 7 0 7
2077700002 25 3 0 3
2077800002 25 1 0 1
2079000002 24 3 0 3
2079000002 25 1 0 1
2079100002 24 5 0 5
2079100002 25 5 0 5
2080400002 24 2 0 2
2080500002 24 7 0 7
2080500002 25 1 0 1
2081500002 24 1 0 1
2081600002 24 9 0 9
2081600002 25 7 0 7
2083200002 24 5 0 5
2083200002 25 6 0 6
2083300002 24 4 0 4
2083300002 25 1 0 1
2084600002 25 1 0 1
2084700002 24 5 0 5
2084700002 25 5 0 5
2084800002 24 6 0 6
2084800002 25 4 0 4
2086300002 24 2 0 2
2086300002 25 2 0 2
2086400002 24 11 0 11
2086400002 25 2 0 2
2087700002 24 6 0 6
2087700002 25 2 0 2
2087800002 24 2 0 2
2087800002 25 1 0 1
2088800002 24 11 0 11
2088800002 25 5 0 5
2088900002 24 2 0 2
2088900002 25 1 0 1
2090500002 24 7 0 7
2090500002 25 3 0 3
2090600002 24 6 0 6
2090600002 25 6 0 6
2092200002 24 7 0 7
2092200002 25 10 0 10
2092300002 24 2 0 2
2092300002 25 3 0 3
2093700002 24 7 0 7
2093700002 25 4 0 4
2093800002 24 1 0 1
2093800002 25 5 0 5
2095200002 24 2 0 2
2095200002 25 5 0 5
2095300002 24 8 0 8
2095300002 25 2 0 2
2096700002 24 1 0 1
2096700002 25 2 0 2
2096800002 24 7 0 7
2096800002 25 3 0 3
2098100002 24 7 0 7
2098100002 25 2 0 2
2098200002 24 3 0 3
2098200002 25 5 0 5
2099600002 24 4 0 4
2099600002 25 4 0 4
2099700002 24 4 0 4
2099700002 25 1 0 1
2101000002 24 5 0 5
2101000002 25 3 0 3
2101100002 24 4 0 4
2101100002 25 4 0 4
2102600002 24 5 0 5
2102600002 25 3 0 3
2102700002 24 2 0 2
2102700002 25 1 0 1
2103700002 24 1 0 1
2103700002 25 1 0 1
2103800002 24 6 0 6
2103800002 25 8 0 8
2105400002 25 2 0 2
2105500002 24 11 0 11
2105500002 25 5 0 5
2105600002 24 1 0 1
2105600002 25 1 0 1
2107100002 24 12 0 12
2107100002 25 7 0 7
2108400002 24 1 0 1
2108500002 24 7 0 7
2108500002 25 2 0 2
2108600002 24 5 0 5
2110100002 24 8 0 8
2110100002 25 6 0 6
2111400002 25 1 0 1
2111500002 24 9 0 9
2111500002 25 6 0 6
2111600002 24 1 0 1
2111600002 25 1 0 1
2113100002 24 1 0 1
2113100002 25 3 0 3
2113200002 24 9 0 9
2113200002 25 8 0 8
2113300002 24 1 0 1
2114700002 24 3 0 3
2114700002 25 5 0 5
2114800002 24 10 0 10
2116300002 24 1 0 1
2116400002 24 9 0 9
2116400002 25 9 0 9
2116500002 24 1 0 1
2116500002 25 1 0 1
2118000002 24 4 0 4
2118000002 25 4 0 4
2118100002 24 6 0 6
2118100002 25 3 0 3
2119400002 24 8 0 8
2119400002 25 4 0 4
2119500002 24 6 0 6
2119500002 25 3 0 3
2120900002 25 1 0 1
2121000002 24 7 0 7
2121000002 25 7 0 7
2121100002 24 1 0 1
2121100002 25 1 0 1
2122400002 25 2 0 2
2122500002 24 5 0 5
2122500002 25 3 0 3
2122600002 24 7 0 7
2122600002 25 4 0 4
2124200002 24 6 0 6
2124200002 25 4 0 4
2124300002 24 5 0 5
2124300002 25 7 0 7
2125800002 24 3 0 3
2125800002 25 1 0 1
2125900002 24 7 0 7
2125900002 25 6 0 6
2127200002 24 1 0 1
2127200002 25 3 0 3
2127300002 24 9 0 9
2127300002 25 4 0 4
2127400002 24 1 0 1
2128800002 24 1 0 1
2128800002 25 4 0 4
2128900002 24 12 0 12
2128900002 25 5 0 5
2130400002 24 6 0 6
2130400002 25 2 0 2
2130500002 24 4 0 4
2130500002 25 4 0 4
2131900002 24 14 0 14
2131900002 25 6 0 6
2133500002 24 6 0 6
2133500002 25 5 0 5
2133600002 24 5 0 5
2133600002 25 8 0 8
2135100002 24 2 0 2
2135100002 25 3 0 3
2135200002 24 6 0 6
2135200002 25 5 0 5
2135300002 24 1 0 1
2136500002 24 5 0 5
2136500002 25 7 0 7
2136600002 24 6 0 6
2136600002 25 4 0 4
2138000002 24 2 0 2
2138000002 25 2 0 2
2138100002 24 11 0 11
2138100002 25 4 0 4
2139500002 24 2 0 2
2139500002 25 2 0 2
2139600002 24 4 0 4
2139600002 25 6 0 6
2140900002 24 6 0 6
2140900002 25 2 0 2
2141000002 24 2 0 2
2141000002 25 7 0 7
2142200002 24 2 0 2
2142200002 25 1 0 1
2142300002 24 4 0 4
2142300002 25 9 0 9
2143600002 24 2 0 2
2143600002 25 4 0 4
2143700002 24 11 0 11
2143700002 25 5 0 5
2145200002 24 4 0 4
2145200002 25 4 0 4
2145300002 24 4 0 4
2145300002 25 2 0 2
2146700002 24 5 0 5
2146700002 25 10 0 10
2146800002 25 1 0 1
2148200002 24 2 0 2
2148200002 25 4 0 4
2148300002 24 6 0 6
2148300002 25 2 0 2
2149700002 24 5 0 5
2149700002 25 4 0 4
2149800002 24 2 0 2
2150900002 24 2 0 2
2151000002 24 5 0 5
2151000002 25 6 0 6
2151100002 25 1 0 1
2152400002 24 1 0 1
2152500002 24 8 0 8
2152500002 25 6 0 6
2154100002 24 8 0 8
2154100002 25 3 0 3
2154200002 24 2 0 2
2154200002 25 2 0 2
2155700002 24 11 0 11
2155700002 25 1 0 1
2157100002 24 1 0 1
2157100002 25 1 0 1
2157200002 24 3 0 3
2157200002 25 8 0 8
2157300002 24 1 0 1
2157300002 25 5 0 5
2158800002 24 2 0 2
2158800002 25 2 0 2
2158900002 24 7 0 7
2158900002 25 9 0 9
2160400002 24 6 0 6
2160400002 25 3 0 3
2160500002 24 2 0 2
2160500002 25 6 0 6
2161900002 24 2 0 2
2161900002 25 4 0 4
2162000002 24 6 0 6
2162000002 25 2 0 2
2163300002 24 2 0 2
2163400002 24 8 0 8
2163400002 25 5 0 5
2164900002 24 2 0 2
2165000002 24 6 0 6
2165000002 25 10 0 10
2166500002 24 9 0 9
2166500002 25 5 0 5
2168000002 24 4 0 4
2168000002 25 3 0 3
2168100002 24 5 0 5
2168100002 25 8 0 8
2169700002 24 9 0 9
2169700002 25 4 0 4
2169800002 24 2 0 2
2169800002 25 3 0 3
2171200002 24 7 0 7
2171200002 25 7 0 7
2171300002 24 4 0 4
2172600002 24 1 0 1
2172700002 24 6 0 6
2172700002 25 5 0 5
2172800002 24 2 0 2
2172800002 25 2 0 2
2174200002 24 4 0 4
2174200002 25 2 0 2
2174300002 24 4 0 4
2174300002 25 2 0 2
2175500002 25 3 0 3
2175600002 24 6 0 6
2175600002 25 6 0 6
2177000002 24 2 0 2
2177000002 25 1 0 1
2177100002 24 9 0 9
2177100002 25 6 0 6
2178700002 24 1 0 1
2178700002 25 6 0 6
2178800002 24 4 0 4
2178800002 25 6 0 6
2180200002 24 4 0 4
2180200002 25 5 0 5
2180300002 24 6 0 6
2180300002 25 4 0 4
2181700002 25 1 0 1
2181800002 24 5 0 5
2181800002 25 8 0 8
2181900002 24 2 0 2
2183200002 25 1 0 1
2183300002 24 8 0 8
2183300002 25 12 0 12
2184800002 24 1 0 1
2184900002 24 4 0 4
2184900002 25 2 0 2
2185000002 24 6 0 6
2185000002 25 10 0 10
2186500002 24 3 0 3
2186500002 25 1 0 1
2186600002 24 10 0 10
2186600002 25 4 0 4
2186700002 24 1 0 1
2188100002 24 3 0 3
2188100002 25 3 0 3
2188200002 24 5 0 5
2188200002 25 7 0 7
2189600002 24 3 0 3
2189700002 24 5 0 5
2189700002 25 4 0 4
2190900002 24 2 0 2
2190900002 25 2 0 2
2191000002 24 7 0 7
2191000002 25 8 0 8
2191100002 24 1 0 1
2192500002 24 1 0 1
2192500002 25 1 0 1
2192600002 24 4 0 4
2192600002 25 7 0 7
2192700002 25 2 0 2
2194000002 24 5 0 5
2194000002 25 3 0 3
2194100002 24 7 0 7
2194100002 25 3 0 3
2195600002 24 3 0 3
2195600002 25 1 0 1
2195700002 24 7 0 7
2195700002 25 6 0 6
2197100002 24 7 0 7
2197100002 25 6 0 6
2197200002 24 3 0 3
2197200002 25 1 0 1
2198500002 24 1 0 1
2198600002 24 4 0 4
2198600002 25 4 0 4
2198700002 24 5 0 5
2198700002 25 3 0 3
2200100002 24 5 0 5
2200200002 24 9 0 9
2200200002 25 2 0 2
2201700002 24 1 0 1
2201800002 24 6 0 6
2201800002 25 2 0 2
2201900002 25 2 0 2
2202700002 25 2 0 2
2202800002 24 5 0 5
2202800002 25 5 0 5
2202900002 25 1 0 1
2204100002 24 1 0 1
2204200002 24 7 0 7
2204200002 25 9 0 9
2204300002 24 1 0 1
2205700002 24 2 0 2
2205700002 25 1 0 1
2205800002 24 5 0 5
2205800002 25 5 0 5
2205900002 24 5 0 5
2207400002 24 1 0 1
2207400002 25 1 0 1
2207500002 24 5 0 5
2207500002 25 4 0 4
2207600002 24 4 0 4
2207600002 25 4 0 4
2209000002 25 1 0 1
2209100002 24 11 0 11
2209100002 25 6 0 6
2209200002 24 1 0 1
2210700002 24 3 0 3
2210700002 25 1 0 1
2210800002 24 6 0 6
2210800002 25 7 0 7
2210900002 24 1 0 1
2210900002 25 1 0 1
2212300002 25 2 0 2
2212400002 24 6 0 6
2212400002 25 9 0 9
2212500002 25 1 0 1
2213800002 24 2 0 2
2213900002 24 4 0 4
2213900002 25 8 0 8
2215200002 24 1 0 1
2215200002 25 1 0 1
2215300002 24 5 0 5
2215300002 25 8 0 8
2216700002 24 7 0 7
2216700002 25 6 0 6
2216800002 24 4 0 4
2216800002 25 4 0 4
2218300002 24 4 0 4
2218300002 25 2 0 2
2218400002 24 6 0 6
2218400002 25 5 0 5
2218500002 25 1 0 1
2219800002 24 8 0 8
2219800002 25 7 0 7
2219900002 24 2 0 2
2219900002 25 2 0 2
2221300002 24 1 0 1
2221400002 24 8 0 8
2221400002 25 7 0 7
2222800002 24 9 0 9
2222800002 25 3 0 3
2222900002 25 1 0 1
2224100002 24 5 0 5
2224100002 25 2 0 2
2224200002 24 7 0 7
2224200002 25 2 0 2
2225700002 24 8 0 8
2225700002 25 4 0 4
2225800002 25 1 0 1
2227100002 24 8 0 8
2227100002 25 2 0 2
2227200002 24 7 0 7
2227200002 25 1 0 1
2228800002 24 11 0 11
2228800002 25 6 0 6
2228900002 25 3 0 3
2230200002 24 1 0 1
2230200002 25 1 0 1
2230300002 24 6 0 6
2230300002 25 4 0 4
2230400002 24 3 0 3
2230400002 25 3 0 3
2231900002 24 1 0 1
2231900002 25 6 0 6
2232000002 24 4 0 4
2232000002 25 4 0 4
2233300002 24 7 0 7
2233300002 25 4 0 4
2233400002 24 5 0 5
2233400002 25 2 0 2
2234900002 24 6 0 6
2234900002 25 4 0 4
2235000002 24 5 0 5
2235000002 25 5 0 5
2236500002 24 2 0 2
2236500002 25 3 0 3
2236600002 24 3 0 3
2236600002 25 5 0 5
2236700002 24 1 0 1
2236700002 25 1 0 1
2237900002 24 5 0 5
2237900002 25 5 0 5
2238000002 24 5 0 5
2238000002 25 5 0 5
2239500002 25 3 0 3
2239600002 24 6 0 6
2239600002 25 8 0 8
2239700002 24 1 0 1
2240900002 24 5 0 5
2240900002 25 5 0 5
2241000002 24 6 0 6
2241000002 25 1 0 1
2242300002 24 1 0 1
2242400002 24 8 0 8
2242400002 25 6 0 6
2242500002 24 4 0 4
2243800002 24 2 0 2
2243900002 24 10 0 10
2243900002 25 4 0 4
2244000002 24 1 0 1
2244000002 25 1 0 1
2245400002 24 1 0 1
2245400002 25 1 0 1
2245500002 24 8 0 8
2245500002 25 3 0 3
2245600002 24 2 0 2
2245600002 25 1 0 1
2247000002 24 7 0 7
2247000002 25 5 0 5
2247100002 24 4 0 4
2247100002 25 2 0 2
2248600002 24 7 0 7
2248600002 25 5 0 5
2248700002 24 3 0 3
2248700002 25 3 0 3
2250100002 24 1 0 1
2250100002 25 4 0 4
2250200002 24 6 0 6
2250200002 25 8 0 8
2251800002 24 7 0 7
2251800002 25 5 0 5
2251900002 24 3 0 3
2251900002 25 3 0 3
2253300002 24 3 0 3
2253300002 25 5 0 5
2253400002 24 3 0 3
2253400002 25 3 0 3
2254400002 24 2 0 2
2254500002 24 3 0 3
2254500002 25 6 0 6
2255600002 24 1 0 1
2255600002 25 1 0 1
2255700002 24 7 0 7
2255700002 25 3 0 3
2257200002 24 2 0 2
2257200002 25 2 0 2
2257300002 24 8 0 8
2257300002 25 5 0 5
2258700002 24 1 0 1
2258800002 24 4 0 4
2258800002 25 4 0 4
2258900002 24 3 0 3
2258900002 25 2 0 2
2260300002 24 7 0 7
2260300002 25 2 0 2
2260400002 24 2 0 2
2260400002 25 3 0 3
2261800002 24 2 0 2
2261800002 25 3 0 3
2261900002 24 4 0 4
2261900002 25 4 0 4
2263200002 24 1 0 1
2263300002 24 3 0 3
2263300002 25 1 0 1
2263400002 24 9 0 9
2263400002 25 5 0 5
2264900002 24 10 0 10
2264900002 25 1 0 1
2265000002 24 1 0 1
2266400002 24 2 0 2
2266400002 25 4 0 4
2266500002 24 5 0 5
2266500002 25 8 0 8
2268000002 25 1 0 1
2268100002 24 5 0 5
2268100002 25 9 0 9
2268200002 24 2 0 2
2269500002 25 1 0 1
2269600002 24 9 0 9
2269600002 25 4 0 4
2270900002 24 2 0 2
2270900002 25 5 0 5
2271000002 24 4 0 4
2271000002 25 7 0 7
2272400002 24 2 0 2
2272400002 25 1 0 1
2272500002 24 2 0 2
2272500002 25 12 0 12
2273900002 24 1 0 1
2273900002 25 2 0 2
2274000002 24 7 0 7
2274000002 25 6 0 6
2274100002 24 1 0 1
2274100002 25 2 0 2
2275600002 24 1 0 1
2275600002 25 1 0 1
2275700002 24 8 0 8
2275700002 25 3 0 3
2277000002 24 3 0 3
2277000002 25 2 0 2
2277100002 24 7 0 7
2277100002 25 5 0 5
2277200002 24 3 0 3
2278600002 24 4 0 4
2278600002 25 2 0 2
2278700002 24 6 0 6
2278700002 25 7 0 7
2280200002 24 5 0 5
2280200002 25 2 0 2
2280300002 24 4 0 4
2280300002 25 3 0 3
2281800002 24 5 0 5
2281800002 25 6 0 6
2281900002 24 2 0 2
2281900002 25 3 0 3
2283300002 24 2 0 2
2283300002 25 1 0 1
2283400002 24 5 0 5
2283400002 25 7 0 7
2284800002 24 4 0 4
2284800002 25 3 0 3
2284900002 24 5 0 5
2284900002 25 3 0 3
2286300002 25 1 0 1
2286400002 24 9 0 9
2286400002 25 3 0 3
2286500002 24 1 0 1
2287800002 25 1 0 1
2287900002 24 4 0 4
2287900002 25 5 0 5
2288000002 24 9 0 9
2288000002 25 1 0 1
2289600002 24 6 0 6
2289600002 25 5 0 5
2289700002 24 6 0 6
2289700002 25 7 0 7
2291200002 24 1 0 1
2291200002 25 3 0 3
2291300002 24 9 0 9
2291300002 25 4 0 4
2292700002 25 4 0 4
2292800002 24 8 0 8
2292800002 25 5 0 5
2292900002 24 3 0 3
2292900002 25 1 0 1
2294300002 24 2 0 2
2294300002 25 1 0 1
2294400002 24 6 0 6
2294400002 25 7 0 7
2294500002 24 1 0 1
2295900002 24 4 0 4
2295900002 25 3 0 3
2296000002 24 5 0 5
2296000002 25 5 0 5
2297500002 24 7 0 7
2297500002 25 3 0 3
2297600002 24 3 0 3
2299000002 24 2 0 2
2299000002 25 8 0 8
2299100002 24 1 0 1
2299100002 25 1 0 1
2300400002 25 1 0 1
2300500002 24 8 0 8
2300500002 25 11 0 11
2302200002 24 5 0 5
2302200002 25 5 0 5
2302300002 24 4 0 4
2302300002 25 2 0 2
2303600002 24 3 0 3
2303600002 25 10 0 10
2303700002 24 1 0 1
2303700002 25 2 0 2
2305100002 24 12 0 12
2305100002 25 5 0 5
2306500002 24 5 0 5
2306500002 25 2 0 2
2306600002 24 3 0 3
2306600002 25 3 0 3
2308000002 24 9 0 9
2308000002 25 6 0 6
2308100002 24 1 0 1
