17671.9 1 1 0.0
17815.3 1 2 0.007936507936507936
17845.0 1 3 0.015873015873015872
17873.8 1 4 0.023809523809523808
17888.7 1 5 0.031746031746031744
17968.3 1 6 0.03968253968253968
18060.6 1 7 0.047619047619047616
18079.4 1 8 0.05555555555555555
18117.7 1 9 0.06349206349206349
18129.9 1 10 0.07142857142857142
18225.8 1 11 0.07936507936507936
18235.0 1 12 0.0873015873015873
18512.2 1 13 0.09523809523809523
18544.0 1 14 0.10317460317460317
18706.2 1 15 0.1111111111111111
18734.1 1 16 0.11904761904761904
18750.9 1 17 0.12698412698412698
20044.6 1 18 0.1349206349206349
20420.4 1 19 0.14285714285714285
25228.5 1 20 0.15079365079365079
25305.6 1 21 0.15873015873015872
25427.3 1 22 0.16666666666666666
26633.2 1 23 0.1746031746031746
28533.3 1 24 0.18253968253968253
30059.9 1 25 0.19047619047619047
31471.8 1 26 0.1984126984126984
32430.9 1 27 0.20634920634920634
32476.3 1 28 0.21428571428571427
32639.0 1 29 0.2222222222222222
32654.4 1 30 0.23015873015873015
32844.9 1 31 0.23809523809523808
32919.0 1 32 0.24603174603174602
33034.7 1 33 0.25396825396825395
34200.0 1 34 0.2619047619047619
35846.2 1 35 0.2698412698412698
35884.1 1 36 0.2777777777777778
36442.3 1 37 0.2857142857142857
37097.4 1 38 0.29365079365079366
37360.8 1 39 0.30158730158730157
37457.4 1 40 0.30952380952380953
37917.7 1 41 0.31746031746031744
37926.5 1 42 0.3253968253968254
38013.5 1 43 0.3333333333333333
38130.1 1 44 0.3412698412698413
38178.1 1 45 0.3492063492063492
38510.3 1 46 0.35714285714285715
40147.4 1 47 0.36507936507936506
40187.5 1 48 0.373015873015873
40655.5 1 49 0.38095238095238093
40720.5 1 50 0.3888888888888889
41435.8 1 51 0.3968253968253968
42465.8 1 52 0.40476190476190477
43102.2 1 53 0.4126984126984127
44722.2 1 54 0.42063492063492064
45918.6 1 55 0.42857142857142855
46388.1 1 56 0.4365079365079365
47025.5 1 57 0.4444444444444444
47256.9 1 58 0.4523809523809524
47337.0 1 59 0.4603174603174603
48074.0 1 60 0.46825396825396826
48606.2 1 61 0.47619047619047616
50762.3 1 62 0.48412698412698413
51326.5 1 63 0.49206349206349204
51547.0 1 64 0.5
52059.0 1 65 0.5079365079365079
52175.7 1 66 0.5158730158730159
52206.5 1 67 0.5238095238095238
52882.8 1 68 0.5317460317460317
52943.6 1 69 0.5396825396825397
53220.4 1 70 0.5476190476190477
53237.9 1 71 0.5555555555555556
53273.6 1 72 0.5634920634920635
53339.7 1 73 0.5714285714285714
53395.9 1 74 0.5793650793650794
53677.9 1 75 0.5873015873015873
53763.4 1 76 0.5952380952380952
53775.1 1 77 0.6031746031746031
54447.7 1 78 0.6111111111111112
54486.9 1 79 0.6190476190476191
54807.2 1 80 0.626984126984127
54846.8 1 81 0.6349206349206349
55130.3 1 82 0.6428571428571429
55616.1 1 83 0.6507936507936508
55837.8 1 84 0.6587301587301587
55979.8 1 85 0.6666666666666666
56133.8 1 86 0.6746031746031746
56590.4 1 87 0.6825396825396826
56622.0 1 88 0.6904761904761905
57355.4 1 89 0.6984126984126984
57700.7 1 90 0.7063492063492064
58616.8 1 91 0.7142857142857143
60161.1 1 92 0.7222222222222222
61194.3 1 93 0.7301587301587301
61208.7 1 94 0.7380952380952381
61964.6 1 95 0.746031746031746
62712.1 1 96 0.753968253968254
62768.4 1 97 0.7619047619047619
63668.4 1 98 0.7698412698412699
64281.4 1 99 0.7777777777777778
65399.2 1 100 0.7857142857142857
66035.2 1 101 0.7936507936507936
67467.2 1 102 0.8015873015873016
68361.9 1 103 0.8095238095238095
68525.4 1 104 0.8174603174603174
68825.6 1 105 0.8253968253968254
68974.9 1 106 0.8333333333333334
72458.3 1 107 0.8412698412698413
72470.0 1 108 0.8492063492063492
72887.5 1 109 0.8571428571428571
73991.0 1 110 0.8650793650793651
74114.3 1 111 0.873015873015873
74429.8 1 112 0.8809523809523809
74888.1 1 113 0.8888888888888888
75454.6 1 114 0.8968253968253969
77099.2 1 115 0.9047619047619048
78069.5 1 116 0.9126984126984127
80034.9 1 117 0.9206349206349206
80043.2 1 118 0.9285714285714286
80112.0 1 119 0.9365079365079365
82688.7 1 120 0.9444444444444444
83098.4 1 121 0.9523809523809523
83911.1 1 122 0.9603174603174603
84240.7 1 123 0.9682539682539683
84255.2 1 124 0.9761904761904762
93585.4 1 125 0.9841269841269841
103461.0 1 126 0.9920634920634921
104345.0 1 127 1.0
