1.00484 1 1 0.0
1.013 1 2 0.007936507936507936
1.01469 1 3 0.015873015873015872
1.01633 1 4 0.023809523809523808
1.01717 1 5 0.031746031746031744
1.0217 1 6 0.03968253968253968
1.02695 1 7 0.047619047619047616
1.02802 1 8 0.05555555555555555
1.0302 1 9 0.06349206349206349
1.03089 1 10 0.07142857142857142
1.03634 1 11 0.07936507936507936
1.03687 1 12 0.0873015873015873
1.05263 1 13 0.09523809523809523
1.05443 1 14 0.10317460317460317
1.06365 1 15 0.1111111111111111
1.06524 1 16 0.11904761904761904
1.06594 1 17 0.12698412698412698
1.13949 1 18 0.1349206349206349
1.16085 1 19 0.14285714285714285
1.43418 1 20 0.15079365079365079
1.43857 1 21 0.15873015873015872
1.44549 1 22 0.16666666666666666
1.51404 1 23 0.1746031746031746
1.62205 1 24 0.18253968253968253
1.70884 1 25 0.19047619047619047
1.7891 1 26 0.1984126984126984
1.84362 1 27 0.20634920634920634
1.8462 1 28 0.21428571428571427
1.85545 1 29 0.2222222222222222
1.85633 1 30 0.23015873015873015
1.86716 1 31 0.23809523809523808
1.87137 1 32 0.24603174603174602
1.87795 1 33 0.25396825396825395
1.94419 1 34 0.2619047619047619
2.03778 1 35 0.2698412698412698
2.03993 1 36 0.2777777777777778
2.07166 1 37 0.2857142857142857
2.10891 1 38 0.29365079365079366
2.12388 1 39 0.30158730158730157
2.12937 1 40 0.30952380952380953
2.15554 1 41 0.31746031746031744
2.15604 1 42 0.3253968253968254
2.16098 1 43 0.3333333333333333
2.16761 1 44 0.3412698412698413
2.17034 1 45 0.3492063492063492
2.18922 1 46 0.35714285714285715
2.28229 1 47 0.36507936507936506
2.28457 1 48 0.373015873015873
2.31117 1 49 0.38095238095238093
2.31487 1 50 0.3888888888888889
2.35553 1 51 0.3968253968253968
2.41409 1 52 0.40476190476190477
2.45026 1 53 0.4126984126984127
2.54236 1 54 0.42063492063492064
2.61037 1 55 0.42857142857142855
2.63706 1 56 0.4365079365079365
2.67329 1 57 0.4444444444444444
2.68645 1 58 0.4523809523809524
2.691 1 59 0.4603174603174603
2.7329 1 60 0.46825396825396826
2.76315 1 61 0.47619047619047616
2.88572 1 62 0.48412698412698413
2.91779 1 63 0.49206349206349204
2.93033 1 64 0.5
2.95944 1 65 0.5079365079365079
2.96607 1 66 0.5158730158730159
2.96782 1 67 0.5238095238095238
3.00627 1 68 0.5317460317460317
3.00972 1 69 0.5396825396825397
3.02546 1 70 0.5476190476190477
3.02645 1 71 0.5555555555555556
3.02849 1 72 0.5634920634920635
3.03224 1 73 0.5714285714285714
3.03544 1 74 0.5793650793650794
3.05147 1 75 0.5873015873015873
3.05633 1 76 0.5952380952380952
3.05699 1 77 0.6031746031746031
3.09523 1 78 0.6111111111111112
3.09746 1 79 0.6190476190476191
3.11567 1 80 0.626984126984127
3.11792 1 81 0.6349206349206349
3.13403 1 82 0.6428571428571429
3.16165 1 83 0.6507936507936508
3.17425 1 84 0.6587301587301587
3.18233 1 85 0.6666666666666666
3.19108 1 86 0.6746031746031746
3.21704 1 87 0.6825396825396826
3.21883 1 88 0.6904761904761905
3.26052 1 89 0.6984126984126984
3.28015 1 90 0.7063492063492064
3.33223 1 91 0.7142857142857143
3.42002 1 92 0.7222222222222222
3.47876 1 93 0.7301587301587301
3.47958 1 94 0.7380952380952381
3.52255 1 95 0.746031746031746
3.56504 1 96 0.753968253968254
3.56824 1 97 0.7619047619047619
3.6194 1 98 0.7698412698412699
3.65425 1 99 0.7777777777777778
3.7178 1 100 0.7857142857142857
3.75395 1 101 0.7936507936507936
3.83536 1 102 0.8015873015873016
3.88622 1 103 0.8095238095238095
3.89551 1 104 0.8174603174603174
3.91258 1 105 0.8253968253968254
3.92107 1 106 0.8333333333333334
4.11909 1 107 0.8412698412698413
4.11976 1 108 0.8492063492063492
4.14349 1 109 0.8571428571428571
4.20622 1 110 0.8650793650793651
4.21323 1 111 0.873015873015873
4.23117 1 112 0.8809523809523809
4.25722 1 113 0.8888888888888888
4.28943 1 114 0.8968253968253969
4.38291 1 115 0.9047619047619048
4.43808 1 116 0.9126984126984127
4.5498 1 117 0.9206349206349206
4.55028 1 118 0.9285714285714286
4.55419 1 119 0.9365079365079365
4.70067 1 120 0.9444444444444444
4.72396 1 121 0.9523809523809523
4.77016 1 122 0.9603174603174603
4.78889 1 123 0.9682539682539683
4.78972 1 124 0.9761904761904762
5.32012 1 125 0.9841269841269841
5.35201 1 126 0.9920634920634921
5.8815 1 127 1.0
