2000095934 129 1 21 1
2000096048 129 1 21 0
2000096100 129 1 21 1
2000096183 129 1 21 1
2000096312 129 1 21 1
2000096349 129 1 21 1
2000096432 129 1 21 1
2000096515 129 1 21 1
2000096598 129 1 21 1
2000096739 129 1 21 1
2000096764 129 1 21 1
2000096847 129 1 21 1
2000096930 129 1 21 1
2000097013 129 1 21 1
2000097162 129 1 21 1
2000097179 129 1 21 1
2000097262 129 1 21 1
2000097345 129 1 21 1
2000097428 129 1 21 1
2000097585 129 1 21 1
2000097594 129 1 21 1
2000097677 129 1 21 1
2000097760 129 1 21 1
2000097843 129 1 21 1
2000097926 129 1 21 1
2000098016 129 1 21 1
2000098134 129 1 21 1
2000099801 129 1 21 0
2000104626 129 1 21 1
2000104753 129 1 21 0
2000104756 129 1 21 1
2000104792 129 1 21 1
2000104875 129 1 21 1
2000104958 129 1 21 1
2000105093 129 1 21 1
2000105124 129 1 21 1
2000105207 129 1 21 1
2000105290 129 1 21 1
2000105373 129 1 21 1
2000105520 129 1 21 1
2000105539 129 1 21 1
2000105622 129 1 21 1
2000105705 129 1 21 1
2000105788 129 1 21 1
2000105871 129 1 21 1
2000106030 129 1 21 1
2000106037 129 1 21 1
2000106120 129 1 21 1
2000106203 129 1 21 1
2000106286 129 1 21 1
2000106369 129 1 21 1
2000106452 129 1 21 1
2000106548 129 1 21 1
2000106618 129 1 21 1
2000106701 129 1 21 1
2000106839 129 1 21 1
2000107577 129 1 21 0
