2000500 128 161
2000500 129 203
2000500 130 214
2000500 131 238
2000500 132 151
2000500 133 211
2000500 134 137
2000500 135 172
2001000 128 816
2001000 129 444
2001000 130 597
2001000 131 692
2001000 132 174
2001000 133 381
2001000 134 255
2001000 135 356
2001500 128 863
2001500 129 888
2001500 130 765
2001500 131 851
2001500 132 174
2001500 133 381
2001500 134 835
2001500 135 356
2002000 128 863
2002000 129 1075
2002000 130 1046
2002000 131 904
2002000 132 174
2002000 133 381
2002000 134 1113
2002000 135 356
2002500 128 863
2002500 129 1093
2002500 130 1203
2002500 131 904
2002500 132 174
2002500 133 381
2002500 134 1612
2002500 135 356
2003000 128 863
2003000 129 1093
2003000 130 1296
2003000 131 904
2003000 132 174
2003000 133 381
2003000 134 1698
2003000 135 356
2003500 128 863
2003500 129 1093
2003500 130 1365
2003500 131 904
2003500 132 174
2003500 133 381
2003500 134 1698
2003500 135 356
2004000 128 863
2004000 129 1093
2004000 130 1366
2004000 131 904
2004000 132 174
2004000 133 381
2004000 134 1698
2004000 135 356
2004500 128 863
2004500 129 1093
2004500 130 1366
2004500 131 904
2004500 132 174
2004500 133 381
2004500 134 1698
2004500 135 356
2005000 128 863
2005000 129 1093
2005000 130 1366
2005000 131 904
2005000 132 174
2005000 133 381
2005000 134 1698
2005000 135 356
2005500 128 863
2005500 129 1093
2005500 130 1366
2005500 131 904
2005500 132 174
2005500 133 381
2005500 134 1698
2005500 135 356
2006000 128 863
2006000 129 1093
2006000 130 1366
2006000 131 904
2006000 132 174
2006000 133 381
2006000 134 1698
2006000 135 356
2006500 128 863
2006500 129 1093
2006500 130 1366
2006500 131 904
2006500 132 174
2006500 133 381
2006500 134 1698
2006500 135 356
2007000 128 863
2007000 129 1093
2007000 130 1366
2007000 131 904
2007000 132 174
2007000 133 381
2007000 134 1698
2007000 135 356
2007500 128 863
2007500 129 1093
2007500 130 1366
2007500 131 904
2007500 132 174
2007500 133 381
2007500 134 1698
2007500 135 356
2008000 128 863
2008000 129 1093
2008000 130 1366
2008000 131 904
2008000 132 174
2008000 133 381
2008000 134 1698
2008000 135 356
2008500 128 863
2008500 129 1093
2008500 130 1366
2008500 131 904
2008500 132 174
2008500 133 381
2008500 134 1698
2008500 135 356
2009000 128 863
2009000 129 1093
2009000 130 1366
2009000 131 904
2009000 132 174
2009000 133 381
2009000 134 1698
2009000 135 356
2009500 128 863
2009500 129 1093
2009500 130 1366
2009500 131 904
2009500 132 174
2009500 133 381
2009500 134 1698
2009500 135 356
2010000 128 863
2010000 129 1093
2010000 130 1366
2010000 131 904
2010000 132 174
2010000 133 381
2010000 134 1698
2010000 135 356
2010500 128 863
2010500 129 1093
2010500 130 1366
2010500 131 904
2010500 132 174
2010500 133 381
2010500 134 1698
2010500 135 356
2011000 128 863
2011000 129 1093
2011000 130 1366
2011000 131 904
2011000 132 174
2011000 133 381
2011000 134 1698
2011000 135 356
2011500 128 863
2011500 129 1093
2011500 130 1366
2011500 131 904
2011500 132 174
2011500 133 381
2011500 134 1698
2011500 135 356
2012000 128 863
2012000 129 1093
2012000 130 1366
2012000 131 904
2012000 132 174
2012000 133 381
2012000 134 1698
2012000 135 356
2012500 128 863
2012500 129 1093
2012500 130 1366
2012500 131 904
2012500 132 174
2012500 133 381
2012500 134 1698
2012500 135 356
2013000 128 863
2013000 129 1093
2013000 130 1366
2013000 131 904
2013000 132 174
2013000 133 381
2013000 134 1698
2013000 135 356
2013500 128 863
2013500 129 1093
2013500 130 1366
2013500 131 904
2013500 132 174
2013500 133 381
2013500 134 1698
2013500 135 356
2014000 128 863
2014000 129 1093
2014000 130 1366
2014000 131 904
2014000 132 174
2014000 133 381
2014000 134 1698
2014000 135 356
2014500 128 863
2014500 129 1093
2014500 130 1366
2014500 131 904
2014500 132 174
2014500 133 381
2014500 134 1698
2014500 135 356
2015000 128 863
2015000 129 1093
2015000 130 1366
2015000 131 904
2015000 132 174
2015000 133 381
2015000 134 1698
2015000 135 356
2015500 128 863
2015500 129 1093
2015500 130 1366
2015500 131 904
2015500 132 174
2015500 133 381
2015500 134 1698
2015500 135 356
2016000 128 863
2016000 129 1093
2016000 130 1366
2016000 131 904
2016000 132 174
2016000 133 381
2016000 134 1698
2016000 135 356
2016500 128 863
2016500 129 1093
2016500 130 1366
2016500 131 904
2016500 132 174
2016500 133 381
2016500 134 1698
2016500 135 356
2017000 128 863
2017000 129 1093
2017000 130 1366
2017000 131 904
2017000 132 174
2017000 133 381
2017000 134 1698
2017000 135 356
2017500 128 863
2017500 129 1093
2017500 130 1366
2017500 131 904
2017500 132 174
2017500 133 381
2017500 134 1698
2017500 135 356
2018000 128 863
2018000 129 1093
2018000 130 1366
2018000 131 904
2018000 132 174
2018000 133 381
2018000 134 1698
2018000 135 356
2018500 128 863
2018500 129 1093
2018500 130 1366
2018500 131 904
2018500 132 174
2018500 133 381
2018500 134 1698
2018500 135 356
2019000 128 863
2019000 129 1093
2019000 130 1366
2019000 131 904
2019000 132 174
2019000 133 381
2019000 134 1698
2019000 135 356
2019500 128 863
2019500 129 1093
2019500 130 1366
2019500 131 904
2019500 132 174
2019500 133 381
2019500 134 1698
2019500 135 356
2020000 128 863
2020000 129 1093
2020000 130 1366
2020000 131 904
2020000 132 174
2020000 133 381
2020000 134 1698
2020000 135 356
2020500 128 863
2020500 129 1093
2020500 130 1366
2020500 131 904
2020500 132 174
2020500 133 381
2020500 134 1698
2020500 135 356
2021000 128 863
2021000 129 1093
2021000 130 1366
2021000 131 904
2021000 132 174
2021000 133 381
2021000 134 1698
2021000 135 356
2021500 128 863
2021500 129 1093
2021500 130 1366
2021500 131 904
2021500 132 174
2021500 133 381
2021500 134 1698
2021500 135 356
2022000 128 863
2022000 129 1093
2022000 130 1366
2022000 131 904
2022000 132 174
2022000 133 381
2022000 134 1698
2022000 135 356
2022500 128 863
2022500 129 1093
2022500 130 1366
2022500 131 904
2022500 132 174
2022500 133 381
2022500 134 1698
2022500 135 356
2023000 128 863
2023000 129 1093
2023000 130 1366
2023000 131 904
2023000 132 174
2023000 133 381
2023000 134 1698
2023000 135 356
2023500 128 863
2023500 129 1093
2023500 130 1366
2023500 131 904
2023500 132 174
2023500 133 381
2023500 134 1698
2023500 135 356
2024000 128 863
2024000 129 1093
2024000 130 1366
2024000 131 904
2024000 132 174
2024000 133 381
2024000 134 1698
2024000 135 356
2024500 128 863
2024500 129 1093
2024500 130 1366
2024500 131 904
2024500 132 174
2024500 133 381
2024500 134 1698
2024500 135 356
2025000 128 863
2025000 129 1093
2025000 130 1366
2025000 131 904
2025000 132 174
2025000 133 381
2025000 134 1698
2025000 135 356
2025500 128 863
2025500 129 1093
2025500 130 1366
2025500 131 904
2025500 132 174
2025500 133 381
2025500 134 1698
2025500 135 356
2026000 128 863
2026000 129 1093
2026000 130 1366
2026000 131 904
2026000 132 174
2026000 133 381
2026000 134 1698
2026000 135 356
2026500 128 863
2026500 129 1093
2026500 130 1366
2026500 131 904
2026500 132 174
2026500 133 381
2026500 134 1698
2026500 135 356
2027000 128 863
2027000 129 1093
2027000 130 1366
2027000 131 904
2027000 132 174
2027000 133 381
2027000 134 1698
2027000 135 356
2027500 128 863
2027500 129 1093
2027500 130 1366
2027500 131 904
2027500 132 174
2027500 133 381
2027500 134 1698
2027500 135 356
2028000 128 863
2028000 129 1093
2028000 130 1366
2028000 131 904
2028000 132 174
2028000 133 381
2028000 134 1698
2028000 135 356
2028500 128 863
2028500 129 1093
2028500 130 1366
2028500 131 904
2028500 132 174
2028500 133 381
2028500 134 1698
2028500 135 356
2029000 128 863
2029000 129 1093
2029000 130 1366
2029000 131 904
2029000 132 174
2029000 133 381
2029000 134 1698
2029000 135 356
2029500 128 863
2029500 129 1093
2029500 130 1366
2029500 131 904
2029500 132 174
2029500 133 381
2029500 134 1698
2029500 135 356
2030000 128 863
2030000 129 1093
2030000 130 1366
2030000 131 904
2030000 132 174
2030000 133 381
2030000 134 1698
2030000 135 356
2030500 128 863
2030500 129 1093
2030500 130 1366
2030500 131 904
2030500 132 174
2030500 133 381
2030500 134 1698
2030500 135 356
2031000 128 863
2031000 129 1093
2031000 130 1366
2031000 131 904
2031000 132 174
2031000 133 381
2031000 134 1698
2031000 135 356
2031500 128 863
2031500 129 1093
2031500 130 1366
2031500 131 904
2031500 132 174
2031500 133 381
2031500 134 1698
2031500 135 356
2032000 128 863
2032000 129 1093
2032000 130 1366
2032000 131 904
2032000 132 174
2032000 133 381
2032000 134 1698
2032000 135 356
2032500 128 863
2032500 129 1093
2032500 130 1366
2032500 131 904
2032500 132 174
2032500 133 381
2032500 134 1698
2032500 135 356
2033000 128 863
2033000 129 1093
2033000 130 1366
2033000 131 904
2033000 132 174
2033000 133 381
2033000 134 1698
2033000 135 356
2033500 128 863
2033500 129 1093
2033500 130 1366
2033500 131 904
2033500 132 174
2033500 133 381
2033500 134 1698
2033500 135 356
2034000 128 863
2034000 129 1093
2034000 130 1366
2034000 131 904
2034000 132 174
2034000 133 381
2034000 134 1698
2034000 135 356
2034500 128 863
2034500 129 1093
2034500 130 1366
2034500 131 904
2034500 132 174
2034500 133 381
2034500 134 1698
2034500 135 356
2035000 128 863
2035000 129 1093
2035000 130 1366
2035000 131 904
2035000 132 174
2035000 133 381
2035000 134 1698
2035000 135 356
2035500 128 863
2035500 129 1093
2035500 130 1366
2035500 131 904
2035500 132 174
2035500 133 381
2035500 134 1698
2035500 135 356
2036000 128 863
2036000 129 1093
2036000 130 1366
2036000 131 904
2036000 132 174
2036000 133 381
2036000 134 1698
2036000 135 356
2036500 128 863
2036500 129 1093
2036500 130 1366
2036500 131 904
2036500 132 174
2036500 133 381
2036500 134 1698
2036500 135 356
2037000 128 863
2037000 129 1093
2037000 130 1366
2037000 131 904
2037000 132 174
2037000 133 381
2037000 134 1698
2037000 135 356
2037500 128 863
2037500 129 1093
2037500 130 1366
2037500 131 904
2037500 132 174
2037500 133 381
2037500 134 1698
2037500 135 356
2038000 128 863
2038000 129 1093
2038000 130 1366
2038000 131 904
2038000 132 174
2038000 133 381
2038000 134 1698
2038000 135 356
2038500 128 863
2038500 129 1093
2038500 130 1366
2038500 131 904
2038500 132 174
2038500 133 381
2038500 134 1698
2038500 135 356
2039000 128 863
2039000 129 1093
2039000 130 1366
2039000 131 904
2039000 132 174
2039000 133 381
2039000 134 1698
2039000 135 356
2039500 128 863
2039500 129 1093
2039500 130 1366
2039500 131 904
2039500 132 174
2039500 133 381
2039500 134 1698
2039500 135 356
2040000 128 863
2040000 129 1093
2040000 130 1366
2040000 131 904
2040000 132 174
2040000 133 381
2040000 134 1698
2040000 135 356
2040500 128 863
2040500 129 1093
2040500 130 1366
2040500 131 904
2040500 132 174
2040500 133 381
2040500 134 1698
2040500 135 356
2041000 128 863
2041000 129 1093
2041000 130 1366
2041000 131 904
2041000 132 174
2041000 133 381
2041000 134 1698
2041000 135 356
2041500 128 863
2041500 129 1093
2041500 130 1366
2041500 131 904
2041500 132 174
2041500 133 381
2041500 134 1698
2041500 135 356
2042000 128 863
2042000 129 1093
2042000 130 1366
2042000 131 904
2042000 132 174
2042000 133 381
2042000 134 1698
2042000 135 356
2042500 128 863
2042500 129 1093
2042500 130 1366
2042500 131 904
2042500 132 174
2042500 133 381
2042500 134 1698
2042500 135 356
2043000 128 863
2043000 129 1093
2043000 130 1366
2043000 131 904
2043000 132 174
2043000 133 381
2043000 134 1698
2043000 135 356
2043500 128 863
2043500 129 1093
2043500 130 1366
2043500 131 904
2043500 132 174
2043500 133 381
2043500 134 1698
2043500 135 356
2044000 128 863
2044000 129 1093
2044000 130 1366
2044000 131 904
2044000 132 174
2044000 133 381
2044000 134 1698
2044000 135 356
2044500 128 863
2044500 129 1093
2044500 130 1366
2044500 131 904
2044500 132 174
2044500 133 381
2044500 134 1698
2044500 135 356
2045000 128 863
2045000 129 1093
2045000 130 1366
2045000 131 904
2045000 132 174
2045000 133 381
2045000 134 1698
2045000 135 356
2045500 128 863
2045500 129 1093
2045500 130 1366
2045500 131 904
2045500 132 174
2045500 133 381
2045500 134 1698
2045500 135 356
2046000 128 863
2046000 129 1093
2046000 130 1366
2046000 131 904
2046000 132 174
2046000 133 381
2046000 134 1698
2046000 135 356
2046500 128 863
2046500 129 1093
2046500 130 1366
2046500 131 904
2046500 132 174
2046500 133 381
2046500 134 1698
2046500 135 356
2047000 128 863
2047000 129 1093
2047000 130 1366
2047000 131 904
2047000 132 174
2047000 133 381
2047000 134 1698
2047000 135 356
2047500 128 863
2047500 129 1093
2047500 130 1366
2047500 131 904
2047500 132 174
2047500 133 381
2047500 134 1698
2047500 135 356
2048000 128 863
2048000 129 1093
2048000 130 1366
2048000 131 904
2048000 132 174
2048000 133 381
2048000 134 1698
2048000 135 356
2048500 128 863
2048500 129 1093
2048500 130 1366
2048500 131 904
2048500 132 174
2048500 133 381
2048500 134 1698
2048500 135 356
2049000 128 863
2049000 129 1093
2049000 130 1366
2049000 131 904
2049000 132 174
2049000 133 381
2049000 134 1698
2049000 135 356
2049500 128 863
2049500 129 1093
2049500 130 1366
2049500 131 904
2049500 132 174
2049500 133 381
2049500 134 1698
2049500 135 356
2050000 128 863
2050000 129 1093
2050000 130 1366
2050000 131 904
2050000 132 174
2050000 133 381
2050000 134 1698
2050000 135 356
2050500 128 863
2050500 129 1093
2050500 130 1366
2050500 131 904
2050500 132 174
2050500 133 381
2050500 134 1698
2050500 135 356
2051000 128 863
2051000 129 1093
2051000 130 1366
2051000 131 904
2051000 132 174
2051000 133 381
2051000 134 1698
2051000 135 356
2051500 128 863
2051500 129 1093
2051500 130 1366
2051500 131 904
2051500 132 174
2051500 133 381
2051500 134 1698
2051500 135 356
2052000 128 863
2052000 129 1093
2052000 130 1366
2052000 131 904
2052000 132 174
2052000 133 381
2052000 134 1698
2052000 135 356
2052500 128 863
2052500 129 1093
2052500 130 1366
2052500 131 904
2052500 132 174
2052500 133 381
2052500 134 1698
2052500 135 356
2053000 128 863
2053000 129 1093
2053000 130 1366
2053000 131 904
2053000 132 174
2053000 133 381
2053000 134 1698
2053000 135 356
2053500 128 863
2053500 129 1093
2053500 130 1366
2053500 131 904
2053500 132 174
2053500 133 381
2053500 134 1698
2053500 135 356
2054000 128 863
2054000 129 1093
2054000 130 1366
2054000 131 904
2054000 132 174
2054000 133 381
2054000 134 1698
2054000 135 356
2054500 128 863
2054500 129 1093
2054500 130 1366
2054500 131 904
2054500 132 174
2054500 133 381
2054500 134 1698
2054500 135 356
2055000 128 863
2055000 129 1093
2055000 130 1366
2055000 131 904
2055000 132 174
2055000 133 381
2055000 134 1698
2055000 135 356
2055500 128 863
2055500 129 1093
2055500 130 1366
2055500 131 904
2055500 132 174
2055500 133 381
2055500 134 1698
2055500 135 356
2056000 128 863
2056000 129 1093
2056000 130 1366
2056000 131 904
2056000 132 174
2056000 133 381
2056000 134 1698
2056000 135 356
2056500 128 863
2056500 129 1093
2056500 130 1366
2056500 131 904
2056500 132 174
2056500 133 381
2056500 134 1698
2056500 135 356
2057000 128 863
2057000 129 1093
2057000 130 1366
2057000 131 904
2057000 132 174
2057000 133 381
2057000 134 1698
2057000 135 356
2057500 128 863
2057500 129 1093
2057500 130 1366
2057500 131 904
2057500 132 174
2057500 133 381
2057500 134 1698
2057500 135 356
2058000 128 863
2058000 129 1093
2058000 130 1366
2058000 131 904
2058000 132 174
2058000 133 381
2058000 134 1698
2058000 135 356
2058500 128 863
2058500 129 1093
2058500 130 1366
2058500 131 904
2058500 132 174
2058500 133 381
2058500 134 1698
2058500 135 356
2059000 128 863
2059000 129 1093
2059000 130 1366
2059000 131 904
2059000 132 174
2059000 133 381
2059000 134 1698
2059000 135 356
2059500 128 863
2059500 129 1093
2059500 130 1366
2059500 131 904
2059500 132 174
2059500 133 381
2059500 134 1698
2059500 135 356
2060000 128 863
2060000 129 1093
2060000 130 1366
2060000 131 904
2060000 132 174
2060000 133 381
2060000 134 1698
2060000 135 356
2060500 128 863
2060500 129 1093
2060500 130 1366
2060500 131 904
2060500 132 174
2060500 133 381
2060500 134 1698
2060500 135 356
2061000 128 863
2061000 129 1093
2061000 130 1366
2061000 131 904
2061000 132 174
2061000 133 381
2061000 134 1698
2061000 135 356
2061500 128 863
2061500 129 1093
2061500 130 1366
2061500 131 904
2061500 132 174
2061500 133 381
2061500 134 1698
2061500 135 356
2062000 128 863
2062000 129 1093
2062000 130 1366
2062000 131 904
2062000 132 174
2062000 133 381
2062000 134 1698
2062000 135 356
2062500 128 863
2062500 129 1093
2062500 130 1366
2062500 131 904
2062500 132 174
2062500 133 381
2062500 134 1698
2062500 135 356
2063000 128 863
2063000 129 1093
2063000 130 1366
2063000 131 904
2063000 132 174
2063000 133 381
2063000 134 1698
2063000 135 356
2063500 128 863
2063500 129 1093
2063500 130 1366
2063500 131 904
2063500 132 174
2063500 133 381
2063500 134 1698
2063500 135 356
2064000 128 863
2064000 129 1093
2064000 130 1366
2064000 131 904
2064000 132 174
2064000 133 381
2064000 134 1698
2064000 135 356
2064500 128 863
2064500 129 1093
2064500 130 1366
2064500 131 904
2064500 132 174
2064500 133 381
2064500 134 1698
2064500 135 356
2065000 128 863
2065000 129 1093
2065000 130 1366
2065000 131 904
2065000 132 174
2065000 133 381
2065000 134 1698
2065000 135 356
2065500 128 863
2065500 129 1093
2065500 130 1366
2065500 131 904
2065500 132 174
2065500 133 381
2065500 134 1698
2065500 135 356
2066000 128 863
2066000 129 1093
2066000 130 1366
2066000 131 904
2066000 132 174
2066000 133 381
2066000 134 1698
2066000 135 356
2066500 128 863
2066500 129 1093
2066500 130 1366
2066500 131 904
2066500 132 174
2066500 133 381
2066500 134 1698
2066500 135 356
2067000 128 863
2067000 129 1093
2067000 130 1366
2067000 131 904
2067000 132 174
2067000 133 381
2067000 134 1698
2067000 135 356
2067500 128 863
2067500 129 1093
2067500 130 1366
2067500 131 904
2067500 132 174
2067500 133 381
2067500 134 1698
2067500 135 356
2068000 128 863
2068000 129 1093
2068000 130 1366
2068000 131 904
2068000 132 174
2068000 133 381
2068000 134 1698
2068000 135 356
2068500 128 863
2068500 129 1093
2068500 130 1366
2068500 131 904
2068500 132 174
2068500 133 381
2068500 134 1698
2068500 135 356
2069000 128 863
2069000 129 1093
2069000 130 1366
2069000 131 904
2069000 132 174
2069000 133 381
2069000 134 1698
2069000 135 356
2069500 128 863
2069500 129 1093
2069500 130 1366
2069500 131 904
2069500 132 174
2069500 133 381
2069500 134 1698
2069500 135 356
2070000 128 863
2070000 129 1093
2070000 130 1366
2070000 131 904
2070000 132 174
2070000 133 381
2070000 134 1698
2070000 135 356
2070500 128 863
2070500 129 1093
2070500 130 1366
2070500 131 904
2070500 132 174
2070500 133 381
2070500 134 1698
2070500 135 356
2071000 128 863
2071000 129 1093
2071000 130 1366
2071000 131 904
2071000 132 174
2071000 133 381
2071000 134 1698
2071000 135 356
2071500 128 863
2071500 129 1093
2071500 130 1366
2071500 131 904
2071500 132 174
2071500 133 381
2071500 134 1698
2071500 135 356
2072000 128 863
2072000 129 1093
2072000 130 1366
2072000 131 904
2072000 132 174
2072000 133 381
2072000 134 1698
2072000 135 356
2072500 128 863
2072500 129 1093
2072500 130 1366
2072500 131 904
2072500 132 174
2072500 133 381
2072500 134 1698
2072500 135 356
2073000 128 863
2073000 129 1093
2073000 130 1366
2073000 131 904
2073000 132 174
2073000 133 381
2073000 134 1698
2073000 135 356
2073500 128 863
2073500 129 1093
2073500 130 1366
2073500 131 904
2073500 132 174
2073500 133 381
2073500 134 1698
2073500 135 356
2074000 128 863
2074000 129 1093
2074000 130 1366
2074000 131 904
2074000 132 174
2074000 133 381
2074000 134 1698
2074000 135 356
2074500 128 863
2074500 129 1093
2074500 130 1366
2074500 131 904
2074500 132 174
2074500 133 381
2074500 134 1698
2074500 135 356
2075000 128 863
2075000 129 1093
2075000 130 1366
2075000 131 904
2075000 132 174
2075000 133 381
2075000 134 1698
2075000 135 356
2075500 128 863
2075500 129 1093
2075500 130 1366
2075500 131 904
2075500 132 174
2075500 133 381
2075500 134 1698
2075500 135 356
2076000 128 863
2076000 129 1093
2076000 130 1366
2076000 131 904
2076000 132 174
2076000 133 381
2076000 134 1698
2076000 135 356
2076500 128 863
2076500 129 1093
2076500 130 1366
2076500 131 904
2076500 132 174
2076500 133 381
2076500 134 1698
2076500 135 356
2077000 128 863
2077000 129 1093
2077000 130 1366
2077000 131 904
2077000 132 174
2077000 133 381
2077000 134 1698
2077000 135 356
2077500 128 863
2077500 129 1093
2077500 130 1366
2077500 131 904
2077500 132 174
2077500 133 381
2077500 134 1698
2077500 135 356
2078000 128 863
2078000 129 1093
2078000 130 1366
2078000 131 904
2078000 132 174
2078000 133 381
2078000 134 1698
2078000 135 356
2078500 128 863
2078500 129 1093
2078500 130 1366
2078500 131 904
2078500 132 174
2078500 133 381
2078500 134 1698
2078500 135 356
2079000 128 863
2079000 129 1093
2079000 130 1366
2079000 131 904
2079000 132 174
2079000 133 381
2079000 134 1698
2079000 135 356
2079500 128 863
2079500 129 1093
2079500 130 1366
2079500 131 904
2079500 132 174
2079500 133 381
2079500 134 1698
2079500 135 356
2080000 128 863
2080000 129 1093
2080000 130 1366
2080000 131 904
2080000 132 174
2080000 133 381
2080000 134 1698
2080000 135 356
2080500 128 863
2080500 129 1093
2080500 130 1366
2080500 131 904
2080500 132 174
2080500 133 381
2080500 134 1698
2080500 135 356
2081000 128 863
2081000 129 1093
2081000 130 1366
2081000 131 904
2081000 132 174
2081000 133 381
2081000 134 1698
2081000 135 356
2081500 128 863
2081500 129 1093
2081500 130 1366
2081500 131 904
2081500 132 174
2081500 133 381
2081500 134 1698
2081500 135 356
2082000 128 863
2082000 129 1093
2082000 130 1366
2082000 131 904
2082000 132 174
2082000 133 381
2082000 134 1698
2082000 135 356
2082500 128 863
2082500 129 1093
2082500 130 1366
2082500 131 904
2082500 132 174
2082500 133 381
2082500 134 1698
2082500 135 356
2083000 128 863
2083000 129 1093
2083000 130 1366
2083000 131 904
2083000 132 174
2083000 133 381
2083000 134 1698
2083000 135 356
2083500 128 863
2083500 129 1093
2083500 130 1366
2083500 131 904
2083500 132 174
2083500 133 381
2083500 134 1698
2083500 135 356
2084000 128 863
2084000 129 1093
2084000 130 1366
2084000 131 904
2084000 132 174
2084000 133 381
2084000 134 1698
2084000 135 356
2084500 128 863
2084500 129 1093
2084500 130 1366
2084500 131 904
2084500 132 174
2084500 133 381
2084500 134 1698
2084500 135 356
2085000 128 863
2085000 129 1093
2085000 130 1366
2085000 131 904
2085000 132 174
2085000 133 381
2085000 134 1698
2085000 135 356
2085500 128 863
2085500 129 1093
2085500 130 1366
2085500 131 904
2085500 132 174
2085500 133 381
2085500 134 1698
2085500 135 356
2086000 128 863
2086000 129 1093
2086000 130 1366
2086000 131 904
2086000 132 174
2086000 133 381
2086000 134 1698
2086000 135 356
2086500 128 863
2086500 129 1093
2086500 130 1366
2086500 131 904
2086500 132 174
2086500 133 381
2086500 134 1698
2086500 135 356
2087000 128 863
2087000 129 1093
2087000 130 1366
2087000 131 904
2087000 132 174
2087000 133 381
2087000 134 1698
2087000 135 356
2087500 128 863
2087500 129 1093
2087500 130 1366
2087500 131 904
2087500 132 174
2087500 133 381
2087500 134 1698
2087500 135 356
2088000 128 863
2088000 129 1093
2088000 130 1366
2088000 131 904
2088000 132 174
2088000 133 381
2088000 134 1698
2088000 135 356
2088500 128 863
2088500 129 1093
2088500 130 1366
2088500 131 904
2088500 132 174
2088500 133 381
2088500 134 1698
2088500 135 356
2089000 128 863
2089000 129 1093
2089000 130 1366
2089000 131 904
2089000 132 174
2089000 133 381
2089000 134 1698
2089000 135 356
2089500 128 863
2089500 129 1093
2089500 130 1366
2089500 131 904
2089500 132 174
2089500 133 381
2089500 134 1698
2089500 135 356
2090000 128 863
2090000 129 1093
2090000 130 1366
2090000 131 904
2090000 132 174
2090000 133 381
2090000 134 1698
2090000 135 356
2090500 128 863
2090500 129 1093
2090500 130 1366
2090500 131 904
2090500 132 174
2090500 133 381
2090500 134 1698
2090500 135 356
2091000 128 863
2091000 129 1093
2091000 130 1366
2091000 131 904
2091000 132 174
2091000 133 381
2091000 134 1698
2091000 135 356
2091500 128 863
2091500 129 1093
2091500 130 1366
2091500 131 904
2091500 132 174
2091500 133 381
2091500 134 1698
2091500 135 356
2092000 128 863
2092000 129 1093
2092000 130 1366
2092000 131 904
2092000 132 174
2092000 133 381
2092000 134 1698
2092000 135 356
2092500 128 863
2092500 129 1093
2092500 130 1366
2092500 131 904
2092500 132 174
2092500 133 381
2092500 134 1698
2092500 135 356
2093000 128 863
2093000 129 1093
2093000 130 1366
2093000 131 904
2093000 132 174
2093000 133 381
2093000 134 1698
2093000 135 356
2093500 128 863
2093500 129 1093
2093500 130 1366
2093500 131 904
2093500 132 174
2093500 133 381
2093500 134 1698
2093500 135 356
2094000 128 863
2094000 129 1093
2094000 130 1366
2094000 131 904
2094000 132 174
2094000 133 381
2094000 134 1698
2094000 135 356
2094500 128 863
2094500 129 1093
2094500 130 1366
2094500 131 904
2094500 132 174
2094500 133 381
2094500 134 1698
2094500 135 356
2095000 128 863
2095000 129 1093
2095000 130 1366
2095000 131 904
2095000 132 174
2095000 133 381
2095000 134 1698
2095000 135 356
2095500 128 863
2095500 129 1093
2095500 130 1366
2095500 131 904
2095500 132 174
2095500 133 381
2095500 134 1698
2095500 135 356
2096000 128 863
2096000 129 1093
2096000 130 1366
2096000 131 904
2096000 132 174
2096000 133 381
2096000 134 1698
2096000 135 356
2096500 128 863
2096500 129 1093
2096500 130 1366
2096500 131 904
2096500 132 174
2096500 133 381
2096500 134 1698
2096500 135 356
2097000 128 863
2097000 129 1093
2097000 130 1366
2097000 131 904
2097000 132 174
2097000 133 381
2097000 134 1698
2097000 135 356
2097500 128 863
2097500 129 1093
2097500 130 1366
2097500 131 904
2097500 132 174
2097500 133 381
2097500 134 1698
2097500 135 356
2098000 128 863
2098000 129 1093
2098000 130 1366
2098000 131 904
2098000 132 174
2098000 133 381
2098000 134 1698
2098000 135 356
2098500 128 863
2098500 129 1093
2098500 130 1366
2098500 131 904
2098500 132 174
2098500 133 381
2098500 134 1698
2098500 135 356
2099000 128 863
2099000 129 1093
2099000 130 1366
2099000 131 904
2099000 132 174
2099000 133 381
2099000 134 1698
2099000 135 356
2099500 128 863
2099500 129 1093
2099500 130 1366
2099500 131 904
2099500 132 174
2099500 133 381
2099500 134 1698
2099500 135 356
2100000 128 863
2100000 129 1093
2100000 130 1366
2100000 131 904
2100000 132 174
2100000 133 381
2100000 134 1698
2100000 135 356
2100500 128 863
2100500 129 1093
2100500 130 1366
2100500 131 904
2100500 132 174
2100500 133 381
2100500 134 1698
2100500 135 356
2101000 128 863
2101000 129 1093
2101000 130 1366
2101000 131 904
2101000 132 174
2101000 133 381
2101000 134 1698
2101000 135 356
2101500 128 863
2101500 129 1093
2101500 130 1366
2101500 131 904
2101500 132 174
2101500 133 381
2101500 134 1698
2101500 135 356
2102000 128 863
2102000 129 1093
2102000 130 1366
2102000 131 904
2102000 132 174
2102000 133 381
2102000 134 1698
2102000 135 356
2102500 128 863
2102500 129 1093
2102500 130 1366
2102500 131 904
2102500 132 174
2102500 133 381
2102500 134 1698
2102500 135 356
2103000 128 863
2103000 129 1093
2103000 130 1366
2103000 131 904
2103000 132 174
2103000 133 381
2103000 134 1698
2103000 135 356
2103500 128 863
2103500 129 1093
2103500 130 1366
2103500 131 904
2103500 132 174
2103500 133 381
2103500 134 1698
2103500 135 356
2104000 128 863
2104000 129 1093
2104000 130 1366
2104000 131 904
2104000 132 174
2104000 133 381
2104000 134 1698
2104000 135 356
