4.166 1 1 0.0
17671.9 1 2 0.007874015748031496
17815.3 1 3 0.015748031496062992
17845.0 1 4 0.023622047244094488
17873.8 1 5 0.031496062992125984
17888.7 1 6 0.03937007874015748
17968.3 1 7 0.047244094488188976
18060.6 1 8 0.05511811023622047
18079.4 1 9 0.06299212598425197
18117.7 1 10 0.07086614173228346
18129.9 1 11 0.07874015748031496
18225.8 1 12 0.08661417322834646
18235.0 1 13 0.09448818897637795
18512.2 1 14 0.10236220472440945
18544.0 1 15 0.11023622047244094
18706.2 1 16 0.11811023622047244
18734.1 1 17 0.12598425196850394
18750.9 1 18 0.13385826771653545
20044.6 1 19 0.14173228346456693
20420.4 1 20 0.14960629921259844
25228.5 1 21 0.15748031496062992
25305.6 1 22 0.16535433070866143
25427.3 1 23 0.1732283464566929
26633.2 1 24 0.18110236220472442
28533.3 1 25 0.1889763779527559
30059.9 1 26 0.1968503937007874
31471.8 1 27 0.2047244094488189
32430.9 1 28 0.2125984251968504
32476.3 1 29 0.2204724409448819
32639.0 1 30 0.2283464566929134
32654.4 1 31 0.23622047244094488
32844.9 1 32 0.2440944881889764
32919.0 1 33 0.25196850393700787
33034.7 1 34 0.25984251968503935
34200.0 1 35 0.2677165354330709
35846.2 1 36 0.2755905511811024
35884.1 1 37 0.28346456692913385
36442.3 1 38 0.29133858267716534
37097.4 1 39 0.2992125984251969
37360.8 1 40 0.30708661417322836
37457.4 1 41 0.31496062992125984
37917.7 1 42 0.3228346456692913
37926.5 1 43 0.33070866141732286
38013.5 1 44 0.33858267716535434
38130.1 1 45 0.3464566929133858
38178.1 1 46 0.3543307086614173
38510.3 1 47 0.36220472440944884
40147.4 1 48 0.3700787401574803
40187.5 1 49 0.3779527559055118
40655.5 1 50 0.3858267716535433
40720.5 1 51 0.3937007874015748
41435.8 1 52 0.4015748031496063
42465.8 1 53 0.4094488188976378
43102.2 1 54 0.41732283464566927
44722.2 1 55 0.4251968503937008
45918.6 1 56 0.4330708661417323
46388.1 1 57 0.4409448818897638
47025.5 1 58 0.44881889763779526
47256.9 1 59 0.4566929133858268
47337.0 1 60 0.4645669291338583
48074.0 1 61 0.47244094488188976
48606.2 1 62 0.48031496062992124
50762.3 1 63 0.4881889763779528
51326.5 1 64 0.49606299212598426
51547.0 1 65 0.5039370078740157
52059.0 1 66 0.5118110236220472
52175.7 1 67 0.5196850393700787
52206.5 1 68 0.5275590551181102
52882.8 1 69 0.5354330708661418
52943.6 1 70 0.5433070866141733
53220.4 1 71 0.5511811023622047
53237.9 1 72 0.5590551181102362
53273.6 1 73 0.5669291338582677
53339.7 1 74 0.5748031496062992
53395.9 1 75 0.5826771653543307
53677.9 1 76 0.5905511811023622
53763.4 1 77 0.5984251968503937
53775.1 1 78 0.6062992125984252
54447.7 1 79 0.6141732283464567
54486.9 1 80 0.6220472440944882
54807.2 1 81 0.6299212598425197
54846.8 1 82 0.6377952755905512
55130.3 1 83 0.6456692913385826
55616.1 1 84 0.6535433070866141
55837.8 1 85 0.6614173228346457
55979.8 1 86 0.6692913385826772
56133.8 1 87 0.6771653543307087
56590.4 1 88 0.6850393700787402
56622.0 1 89 0.6929133858267716
57355.4 1 90 0.7007874015748031
57700.7 1 91 0.7086614173228346
58616.8 1 92 0.7165354330708661
60161.1 1 93 0.7244094488188977
61194.3 1 94 0.7322834645669292
61208.7 1 95 0.7401574803149606
61964.6 1 96 0.7480314960629921
62712.1 1 97 0.7559055118110236
62768.4 1 98 0.7637795275590551
63668.4 1 99 0.7716535433070866
64281.4 1 100 0.7795275590551181
65399.2 1 101 0.7874015748031497
66035.2 1 102 0.7952755905511811
67467.2 1 103 0.8031496062992126
68361.9 1 104 0.8110236220472441
68525.4 1 105 0.8188976377952756
68825.6 1 106 0.8267716535433071
68974.9 1 107 0.8346456692913385
72458.3 1 108 0.84251968503937
72470.0 1 109 0.8503937007874016
72887.5 1 110 0.8582677165354331
73991.0 1 111 0.8661417322834646
74114.3 1 112 0.8740157480314961
74429.8 1 113 0.8818897637795275
74888.1 1 114 0.889763779527559
75454.6 1 115 0.8976377952755905
77099.2 1 116 0.905511811023622
78069.5 1 117 0.9133858267716536
80034.9 1 118 0.9212598425196851
80043.2 1 119 0.9291338582677166
80112.0 1 120 0.937007874015748
82688.7 1 121 0.9448818897637795
83098.4 1 122 0.952755905511811
83911.1 1 123 0.9606299212598425
84240.7 1 124 0.968503937007874
84255.2 1 125 0.9763779527559056
93585.4 1 126 0.984251968503937
103461.0 1 127 0.9921259842519685
104345.0 1 128 1.0
