SLOWDOWN#1BDP=104000Bytes
#Category,Avg  ,50%  ,95%   ,99%   ,99.9% 
<1BDP,1.000,1.000,1.000,1.000,1.000
>1BDP,2.781,2.930,4.717,5.344,5.815
#
#
#
#
#
#CDF   Size	Avg   50%   95%    99%    99.9% 
#0.050 209715200	1.011 1.015 1.017 1.017 1.017
#0.100 209715200	1.029 1.030 1.036 1.036 1.036
#0.150 209715200	1.068 1.064 1.139 1.139 1.139
#0.200 209715200	1.436 1.445 1.622 1.622 1.622
#0.250 209715200	1.824 1.846 1.867 1.867 1.867
#0.300 209715200	1.974 2.038 2.072 2.072 2.072
#0.350 209715200	2.139 2.156 2.161 2.161 2.161
#0.400 209715200	2.246 2.282 2.315 2.315 2.315
#0.450 209715200	2.502 2.542 2.637 2.637 2.637
#0.500 209715200	2.764 2.733 2.918 2.918 2.918
#0.550 209715200	2.973 2.968 3.010 3.010 3.010
#0.600 209715200	3.033 3.032 3.051 3.051 3.051
#0.650 209715200	3.096 3.097 3.134 3.134 3.134
#0.700 209715200	3.191 3.191 3.219 3.219 3.219
#0.750 209715200	3.396 3.420 3.523 3.523 3.523
#0.800 209715200	3.646 3.654 3.754 3.754 3.754
#0.850 209715200	3.928 3.913 4.119 4.119 4.119
#0.900 209715200	4.209 4.213 4.289 4.289 4.289
#0.950 209715200	4.529 4.550 4.701 4.701 4.701
#1.000 209715200	5.089 4.790 5.881 5.881 5.881
#
#
#
#
#
ABSOLUTE#1BDP=104000Bytes
#Category,Avg  ,50%  ,95%   ,99%   ,99.9% 
<1BDP,4.166,4.166,4.166,4.166,4.166
>1BDP,49001.854,51547.000,82975.490,100893.344,104233.616
#
#
#
#
#
#CDF  ,Size  ,Avg   ,50%   ,95%    ,99%    ,99.9%   >> scale: us-scale
#0.050 209715200	43523.728 17845.000 104345.000 104345.000 104345.000
#0.100 209715200	17998.083 18060.600 18117.700 18117.700 18117.700
#0.150 209715200	18441.029 18512.200 18734.100 18734.100 18734.100
#0.200 209715200	22529.550 25228.500 25427.300 25427.300 25427.300
#0.250 209715200	30606.343 31471.800 32639.000 32639.000 32639.000
#0.300 209715200	33583.200 33034.700 35846.200 35846.200 35846.200
#0.350 209715200	37026.617 37360.800 37917.700 37917.700 37917.700
#0.400 209715200	38727.629 38178.100 40187.500 40187.500 40187.500
#0.450 209715200	42183.667 42465.800 44722.200 44722.200 44722.200
#0.500 209715200	47229.471 47256.900 48606.200 48606.200 48606.200
#0.550 209715200	51679.500 52059.000 52206.500 52206.500 52206.500
#0.600 209715200	53149.667 53237.900 53339.700 53339.700 53339.700
#0.650 209715200	54050.586 53775.100 54807.200 54807.200 54807.200
#0.700 209715200	55590.767 55837.800 56133.800 56133.800 56133.800
#0.750 209715200	58320.100 57700.700 61194.300 61194.300 61194.300
#0.800 209715200	62767.267 62768.400 64281.400 64281.400 64281.400
#0.850 209715200	67435.750 68361.900 68825.600 68825.600 68825.600
#0.900 209715200	72760.829 72887.500 74429.800 74429.800 74429.800
#0.950 209715200	77598.250 78069.500 80043.200 80043.200 80043.200
#1.000 209715200	84555.929 83911.100 93585.400 93585.400 93585.400
#
#EOF