0 9 10001 101 100 2000000000 4166 4171
66 70 10000 100 209715200 2000000000 17671870 17586685
10 7 10000 100 209715200 2000000000 17815287 17586685
13 12 10000 100 209715200 2000000000 17845035 17586685
74 64 10000 100 209715200 2000000000 17873805 17586685
100 102 10000 100 209715200 2000000000 17888708 17586685
117 123 10000 100 209715200 2000000000 17968343 17586685
113 127 10000 100 209715200 2000000000 18060618 17586685
15 6 10000 100 209715200 2000000000 18079378 17586685
98 101 10000 100 209715200 2000000000 18117731 17586685
111 108 10000 100 209715200 2000000000 18129855 17586685
77 69 10000 100 209715200 2000000000 18225791 17586685
91 86 10000 100 209715200 2000000000 18235033 17586685
103 99 10000 100 209715200 2000000000 18512229 17586685
93 91 10000 100 209715200 2000000000 18543956 17586685
125 118 10000 100 209715200 2000000000 18706165 17586685
73 77 10000 100 209715200 2000000000 18734082 17586685
118 94 10000 100 209715200 2000000000 18750863 17590845
99 81 10000 100 209715200 2000000000 20044572 17590845
48 126 10000 100 209715200 2000000000 20420366 17590845
115 49 10000 100 209715200 2000000000 25228459 17590845
32 104 10000 100 209715200 2000000000 25305611 17590845
57 43 10000 100 209715200 2000000000 25427309 17590845
109 5 10000 100 209715200 2000000000 26633167 17590845
96 11 10000 100 209715200 2000000000 28533267 17590845
86 73 10000 100 209715200 2000000000 30059930 17590845
20 74 10000 100 209715200 2000000000 31471778 17590845
126 13 10000 100 209715200 2000000000 32430905 17590845
42 103 10000 100 209715200 2000000000 32476283 17590845
12 111 10000 100 209715200 2000000000 32638954 17590845
124 38 10000 100 209715200 2000000000 32654423 17590845
11 95 10000 100 209715200 2000000000 32844869 17590845
0 24 10000 100 209715200 2000000000 32918965 17590845
35 89 10000 100 209715200 2000000000 33034729 17590845
36 9 10000 100 209715200 2000000000 34200007 17590845
79 119 10000 100 209715200 2000000000 35846244 17590845
65 10 10000 100 209715200 2000000000 35884113 17590845
88 79 10000 100 209715200 2000000000 36442258 17590845
37 30 10000 100 209715200 2000000000 37097442 17590845
44 2 10000 100 209715200 2000000000 37360802 17590845
49 67 10000 100 209715200 2000000000 37457364 17590845
6 68 10000 100 209715200 2000000000 37917692 17590845
45 8 10000 100 209715200 2000000000 37926532 17590845
34 122 10000 100 209715200 2000000000 38013462 17590845
56 76 10000 100 209715200 2000000000 38130099 17590845
83 35 10000 100 209715200 2000000000 38178148 17590845
90 23 10000 100 209715200 2000000000 38510313 17590845
120 61 10000 100 209715200 2000000000 40147382 17590845
71 31 10000 100 209715200 2000000000 40187484 17590845
112 87 10000 100 209715200 2000000000 40655481 17590845
64 125 10000 100 209715200 2000000000 40720494 17590845
24 93 10000 100 209715200 2000000000 41435839 17590845
22 37 10000 100 209715200 2000000000 42465808 17590845
50 96 10000 100 209715200 2000000000 43102214 17590845
119 105 10000 100 209715200 2000000000 44722205 17590845
26 72 10000 100 209715200 2000000000 45918586 17590845
38 106 10000 100 209715200 2000000000 46388147 17590845
4 26 10000 100 209715200 2000000000 47025460 17590845
85 50 10000 100 209715200 2000000000 47256886 17590845
27 63 10000 100 209715200 2000000000 47337030 17590845
87 124 10000 100 209715200 2000000000 48073966 17590845
53 71 10000 100 209715200 2000000000 48606197 17590845
28 107 10000 100 209715200 2000000000 50762277 17590845
123 78 10000 100 209715200 2000000000 51326470 17590845
59 45 10000 100 209715200 2000000000 51547036 17590845
82 110 10000 100 209715200 2000000000 52058983 17590845
101 80 10000 100 209715200 2000000000 52175739 17590845
9 121 10000 100 209715200 2000000000 52206511 17590845
5 66 10000 100 209715200 2000000000 52882764 17590845
81 22 10000 100 209715200 2000000000 52943558 17590845
108 57 10000 100 209715200 2000000000 53220401 17590845
25 90 10000 100 209715200 2000000000 53237894 17590845
110 88 10000 100 209715200 2000000000 53273646 17590845
80 14 10000 100 209715200 2000000000 53339651 17590845
94 116 10000 100 209715200 2000000000 53395915 17590845
84 115 10000 100 209715200 2000000000 53677856 17590845
116 65 10000 100 209715200 2000000000 53763431 17590845
121 1 10000 100 209715200 2000000000 53775059 17590845
2 120 10000 100 209715200 2000000000 54447660 17590845
14 20 10000 100 209715200 2000000000 54486898 17590845
7 117 10000 100 209715200 2000000000 54807212 17590845
122 46 10000 100 209715200 2000000000 54846845 17590845
105 54 10000 100 209715200 2000000000 55130292 17590845
60 114 10000 100 209715200 2000000000 55616132 17590845
106 18 10000 100 209715200 2000000000 55837801 17590845
46 19 10000 100 209715200 2000000000 55979805 17590845
1 34 10000 100 209715200 2000000000 56133806 17590845
95 47 10000 100 209715200 2000000000 56590449 17590845
3 40 10000 100 209715200 2000000000 56621964 17590845
63 75 10000 100 209715200 2000000000 57355371 17590845
8 27 10000 100 209715200 2000000000 57700656 17590845
75 0 10000 100 209715200 2000000000 58616805 17590845
69 25 10000 100 209715200 2000000000 60161051 17590845
43 53 10000 100 209715200 2000000000 61194281 17590845
16 58 10000 100 209715200 2000000000 61208723 17590845
127 39 10000 100 209715200 2000000000 61964552 17590845
54 41 10000 100 209715200 2000000000 62712108 17590845
30 97 10000 100 209715200 2000000000 62768354 17590845
67 60 10000 100 209715200 2000000000 63668368 17590845
52 112 10000 100 209715200 2000000000 64281374 17590845
107 29 10000 100 209715200 2000000000 65399242 17590845
41 21 10000 100 209715200 2000000000 66035230 17590845
68 56 10000 100 209715200 2000000000 67467172 17590845
58 36 10000 100 209715200 2000000000 68361900 17590845
102 92 10000 100 209715200 2000000000 68525376 17590845
18 109 10000 100 209715200 2000000000 68825619 17590845
61 33 10000 100 209715200 2000000000 68974863 17590845
62 84 10000 100 209715200 2000000000 72458286 17590845
97 15 10000 100 209715200 2000000000 72470016 17590845
89 17 10000 100 209715200 2000000000 72887535 17590845
19 83 10000 100 209715200 2000000000 73990973 17590845
70 44 10000 100 209715200 2000000000 74114313 17590845
55 113 10000 100 209715200 2000000000 74429830 17590845
51 100 10000 100 209715200 2000000000 74888135 17590845
78 32 10000 100 209715200 2000000000 75454622 17590845
76 82 10000 100 209715200 2000000000 77099168 17590845
114 28 10000 100 209715200 2000000000 78069508 17590845
31 51 10000 100 209715200 2000000000 80034864 17590845
92 16 10000 100 209715200 2000000000 80043206 17590845
33 48 10000 100 209715200 2000000000 80112005 17590845
72 42 10000 100 209715200 2000000000 82688670 17590845
29 4 10000 100 209715200 2000000000 83098431 17590845
47 98 10000 100 209715200 2000000000 83911096 17590845
40 59 10000 100 209715200 2000000000 84240691 17590845
23 85 10000 100 209715200 2000000000 84255195 17590845
104 62 10000 100 209715200 2000000000 93585362 17590845
39 52 10000 100 209715200 2000000000 94146435 17590845
17 3 10000 100 209715200 2000000000 103460634 17590845
21 55 10000 100 209715200 2000000000 104345082 17590845
