1.0 1 1 0.0
1.00484 1 2 0.007874015748031496
1.013 1 3 0.015748031496062992
1.01469 1 4 0.023622047244094488
1.01633 1 5 0.031496062992125984
1.01717 1 6 0.03937007874015748
1.0217 1 7 0.047244094488188976
1.02695 1 8 0.05511811023622047
1.02802 1 9 0.06299212598425197
1.0302 1 10 0.07086614173228346
1.03089 1 11 0.07874015748031496
1.03634 1 12 0.08661417322834646
1.03687 1 13 0.09448818897637795
1.05263 1 14 0.10236220472440945
1.05443 1 15 0.11023622047244094
1.06365 1 16 0.11811023622047244
1.06524 1 17 0.12598425196850394
1.06594 1 18 0.13385826771653545
1.13949 1 19 0.14173228346456693
1.16085 1 20 0.14960629921259844
1.43418 1 21 0.15748031496062992
1.43857 1 22 0.16535433070866143
1.44549 1 23 0.1732283464566929
1.51404 1 24 0.18110236220472442
1.62205 1 25 0.1889763779527559
1.70884 1 26 0.1968503937007874
1.7891 1 27 0.2047244094488189
1.84362 1 28 0.2125984251968504
1.8462 1 29 0.2204724409448819
1.85545 1 30 0.2283464566929134
1.85633 1 31 0.23622047244094488
1.86716 1 32 0.2440944881889764
1.87137 1 33 0.25196850393700787
1.87795 1 34 0.25984251968503935
1.94419 1 35 0.2677165354330709
2.03778 1 36 0.2755905511811024
2.03993 1 37 0.28346456692913385
2.07166 1 38 0.29133858267716534
2.10891 1 39 0.2992125984251969
2.12388 1 40 0.30708661417322836
2.12937 1 41 0.31496062992125984
2.15554 1 42 0.3228346456692913
2.15604 1 43 0.33070866141732286
2.16098 1 44 0.33858267716535434
2.16761 1 45 0.3464566929133858
2.17034 1 46 0.3543307086614173
2.18922 1 47 0.36220472440944884
2.28229 1 48 0.3700787401574803
2.28457 1 49 0.3779527559055118
2.31117 1 50 0.3858267716535433
2.31487 1 51 0.3937007874015748
2.35553 1 52 0.4015748031496063
2.41409 1 53 0.4094488188976378
2.45026 1 54 0.41732283464566927
2.54236 1 55 0.4251968503937008
2.61037 1 56 0.4330708661417323
2.63706 1 57 0.4409448818897638
2.67329 1 58 0.44881889763779526
2.68645 1 59 0.4566929133858268
2.691 1 60 0.4645669291338583
2.7329 1 61 0.47244094488188976
2.76315 1 62 0.48031496062992124
2.88572 1 63 0.4881889763779528
2.91779 1 64 0.49606299212598426
2.93033 1 65 0.5039370078740157
2.95944 1 66 0.5118110236220472
2.96607 1 67 0.5196850393700787
2.96782 1 68 0.5275590551181102
3.00627 1 69 0.5354330708661418
3.00972 1 70 0.5433070866141733
3.02546 1 71 0.5511811023622047
3.02645 1 72 0.5590551181102362
3.02849 1 73 0.5669291338582677
3.03224 1 74 0.5748031496062992
3.03544 1 75 0.5826771653543307
3.05147 1 76 0.5905511811023622
3.05633 1 77 0.5984251968503937
3.05699 1 78 0.6062992125984252
3.09523 1 79 0.6141732283464567
3.09746 1 80 0.6220472440944882
3.11567 1 81 0.6299212598425197
3.11792 1 82 0.6377952755905512
3.13403 1 83 0.6456692913385826
3.16165 1 84 0.6535433070866141
3.17425 1 85 0.6614173228346457
3.18233 1 86 0.6692913385826772
3.19108 1 87 0.6771653543307087
3.21704 1 88 0.6850393700787402
3.21883 1 89 0.6929133858267716
3.26052 1 90 0.7007874015748031
3.28015 1 91 0.7086614173228346
3.33223 1 92 0.7165354330708661
3.42002 1 93 0.7244094488188977
3.47876 1 94 0.7322834645669292
3.47958 1 95 0.7401574803149606
3.52255 1 96 0.7480314960629921
3.56504 1 97 0.7559055118110236
3.56824 1 98 0.7637795275590551
3.6194 1 99 0.7716535433070866
3.65425 1 100 0.7795275590551181
3.7178 1 101 0.7874015748031497
3.75395 1 102 0.7952755905511811
3.83536 1 103 0.8031496062992126
3.88622 1 104 0.8110236220472441
3.89551 1 105 0.8188976377952756
3.91258 1 106 0.8267716535433071
3.92107 1 107 0.8346456692913385
4.11909 1 108 0.84251968503937
4.11976 1 109 0.8503937007874016
4.14349 1 110 0.8582677165354331
4.20622 1 111 0.8661417322834646
4.21323 1 112 0.8740157480314961
4.23117 1 113 0.8818897637795275
4.25722 1 114 0.889763779527559
4.28943 1 115 0.8976377952755905
4.38291 1 116 0.905511811023622
4.43808 1 117 0.9133858267716536
4.5498 1 118 0.9212598425196851
4.55028 1 119 0.9291338582677166
4.55419 1 120 0.937007874015748
4.70067 1 121 0.9448818897637795
4.72396 1 122 0.952755905511811
4.77016 1 123 0.9606299212598425
4.78889 1 124 0.968503937007874
4.78972 1 125 0.9763779527559056
5.32012 1 126 0.984251968503937
5.35201 1 127 0.9921259842519685
5.8815 1 128 1.0
