2000005 128 8
2000010 128 8
2000015 128 8
2000020 128 8
2000025 128 8
2000030 128 8
2000035 128 8
2000040 128 8
2000045 128 8
2000050 128 8
2000055 128 8
2000060 128 8
2000065 128 8
2000070 128 8
2000075 128 8
2000080 128 8
2000085 128 8
2000090 128 8
2000095 128 8
2000100 128 8
2000105 128 8
2000110 128 8
2000115 128 8
2000120 128 8
2000125 128 8
2000130 128 8
2000135 128 8
2000140 128 8
2000145 128 8
2000150 128 8
2000155 128 8
2000160 128 8
2000165 128 8
2000170 128 8
2000175 128 8
2000180 128 8
2000185 128 8
2000190 128 8
2000195 128 8
2000200 128 8
2000205 128 8
2000210 128 8
2000215 128 8
2000220 128 8
2000225 128 8
2000230 128 8
2000235 128 8
2000240 128 8
2000245 128 8
2000250 128 8
2000255 128 8
2000260 128 8
2000265 128 8
2000270 128 8
2000275 128 8
2000280 128 8
2000285 128 8
2000290 128 8
2000295 128 8
2000300 128 8
2000305 128 8
2000310 128 8
2000315 128 8
2000320 128 8
2000325 128 8
2000330 128 8
2000335 128 8
2000340 128 8
2000345 128 8
2000350 128 8
2000355 128 8
2000360 128 8
2000365 128 8
2000370 128 8
2000375 128 8
2000380 128 8
2000385 128 8
2000390 128 8
2000395 128 8
2000400 128 8
2000405 128 8
2000410 128 8
2000415 128 8
2000420 128 8
2000425 128 8
2000430 128 8
2000435 128 8
2000440 128 8
2000445 128 8
2000450 128 8
2000455 128 8
2000460 128 8
2000465 128 8
2000470 128 8
2000475 128 8
2000480 128 8
2000485 128 8
2000490 128 8
2000495 128 8
2000500 128 8
2000505 128 8
2000510 128 8
2000515 128 8
2000520 128 8
2000525 128 8
2000530 128 8
2000535 128 8
2000540 128 8
2000545 128 8
2000550 128 8
2000555 128 8
2000560 128 8
2000565 128 8
2000570 128 8
2000575 128 8
2000580 128 8
2000585 128 8
2000590 128 8
2000595 128 8
2000600 128 8
2000605 128 8
2000610 128 8
2000615 128 8
2000620 128 8
2000625 128 8
2000630 128 8
2000635 128 8
2000640 128 8
2000645 128 8
2000650 128 8
2000655 128 8
2000660 128 8
2000665 128 8
2000670 128 8
2000675 128 8
2000680 128 8
2000685 128 8
2000690 128 8
2000695 128 8
2000700 128 8
2000705 128 8
2000710 128 8
2000715 128 8
2000720 128 8
2000725 128 8
2000730 128 8
2000735 128 8
2000740 128 8
2000745 128 8
2000750 128 8
2000755 128 8
2000760 128 8
2000765 128 8
2000770 128 8
2000775 128 8
2000780 128 8
2000785 128 8
2000790 128 8
2000795 128 8
2000800 128 8
2000805 128 8
2000810 128 8
2000815 128 8
2000820 128 8
2000825 128 8
2000830 128 8
2000835 128 8
2000840 128 8
2000845 128 8
2000850 128 8
2000855 128 8
2000860 128 8
2000865 128 8
2000870 128 8
2000875 128 8
2000880 128 8
2000885 128 8
2000890 128 8
2000895 128 8
2000900 128 8
2000905 128 8
2000910 128 8
2000915 128 8
2000920 128 8
2000925 128 8
2000930 128 8
2000935 128 8
2000940 128 8
2000945 128 8
2000950 128 8
2000955 128 8
2000960 128 8
2000965 128 8
2000970 128 8
2000975 128 8
2000980 128 8
2000985 128 8
2000990 128 8
2000995 128 8
2001000 128 8
2001005 128 8
2001010 128 8
2001015 128 8
2001020 128 8
2001025 128 8
2001030 128 8
2001035 128 8
2001040 128 8
2001045 128 8
2001050 128 8
2001055 128 8
2001060 128 8
2001065 128 8
2001070 128 8
2001075 128 8
2001080 128 8
2001085 128 8
2001090 128 8
2001095 128 8
2001100 128 8
2001105 128 8
2001110 128 8
2001115 128 8
2001120 128 8
2001125 128 8
2001130 128 8
2001135 128 8
2001140 128 8
2001145 128 8
2001150 128 8
2001155 128 8
2001160 128 8
2001165 128 8
2001170 128 8
2001175 128 8
2001180 128 8
2001185 128 8
2001190 128 8
2001195 128 8
2001200 128 8
2001205 128 8
2001210 128 8
2001215 128 8
2001220 128 8
2001225 128 8
2001230 128 8
2001235 128 8
2001240 128 8
2001245 128 8
2001250 128 8
2001255 128 8
2001260 128 8
2001265 128 8
2001270 128 8
2001275 128 8
2001280 128 8
2001285 128 8
2001290 128 8
2001295 128 8
2001300 128 8
2001305 128 8
2001310 128 8
2001315 128 8
2001320 128 8
2001325 128 8
2001330 128 8
2001335 128 8
2001340 128 8
2001345 128 8
2001350 128 8
2001355 128 8
2001360 128 8
2001365 128 8
2001370 128 8
2001375 128 8
2001380 128 8
2001385 128 8
2001390 128 8
2001395 128 8
2001400 128 8
2001405 128 8
2001410 128 8
2001415 128 8
2001420 128 8
2001425 128 8
2001430 128 8
2001435 128 8
2001440 128 8
2001445 128 8
2001450 128 8
2001455 128 8
2001460 128 8
2001465 128 8
2001470 128 8
2001475 128 8
2001480 128 8
2001485 128 8
2001490 128 8
2001495 128 8
2001500 128 8
2001505 128 8
2001510 128 8
2001515 128 8
2001520 128 8
2001525 128 8
2001530 128 8
2001535 128 8
2001540 128 8
2001545 128 8
2001550 128 8
2001555 128 8
2001560 128 8
2001565 128 8
2001570 128 8
2001575 128 8
2001580 128 8
2001585 128 8
2001590 128 8
2001595 128 8
2001600 128 8
2001605 128 8
2001610 128 8
2001615 128 8
2001620 128 8
2001625 128 8
2001630 128 8
2001635 128 8
2001640 128 8
2001645 128 8
2001650 128 8
2001655 128 8
2001660 128 8
2001665 128 8
2001670 128 8
2001675 128 8
2001680 128 8
2001685 128 8
2001690 128 8
2001695 128 8
2001700 128 8
2001705 128 8
2001710 128 8
2001715 128 8
2001720 128 8
2001725 128 8
2001730 128 8
2001735 128 8
2001740 128 8
2001745 128 8
2001750 128 8
2001755 128 8
2001760 128 8
2001765 128 8
2001770 128 8
2001775 128 8
2001780 128 8
2001785 128 8
2001790 128 8
2001795 128 8
2001800 128 8
2001805 128 8
2001810 128 8
2001815 128 8
2001820 128 8
2001825 128 8
2001830 128 8
2001835 128 8
2001840 128 8
2001845 128 8
2001850 128 8
2001855 128 8
2001860 128 8
2001865 128 8
2001870 128 8
2001875 128 8
2001880 128 8
2001885 128 8
2001890 128 8
2001895 128 8
2001900 128 8
2001905 128 8
2001910 128 8
2001915 128 8
2001920 128 8
2001925 128 8
2001930 128 8
2001935 128 8
2001940 128 8
2001945 128 8
2001950 128 8
2001955 128 8
2001960 128 8
2001965 128 8
2001970 128 8
2001975 128 8
2001980 128 8
2001985 128 8
2001990 128 8
2001995 128 8
2002000 128 8
2002005 128 8
2002010 128 8
2002015 128 8
2002020 128 8
2002025 128 8
2002030 128 8
2002035 128 8
2002040 128 8
2002045 128 8
2002050 128 8
2002055 128 8
2002060 128 8
2002065 128 8
2002070 128 8
2002075 128 8
2002080 128 8
2002085 128 8
2002090 128 8
2002095 128 8
2002100 128 8
2002105 128 8
2002110 128 8
2002115 128 8
2002120 128 8
2002125 128 8
2002130 128 8
2002135 128 8
2002140 128 8
2002145 128 8
2002150 128 8
2002155 128 8
2002160 128 8
2002165 128 8
2002170 128 8
2002175 128 8
2002180 128 8
2002185 128 8
2002190 128 8
2002195 128 8
2002200 128 8
2002205 128 8
2002210 128 8
2002215 128 8
2002220 128 8
2002225 128 8
2002230 128 8
2002235 128 8
2002240 128 8
2002245 128 8
2002250 128 8
2002255 128 8
2002260 128 8
2002265 128 8
2002270 128 8
2002275 128 8
2002280 128 8
2002285 128 8
2002290 128 8
2002295 128 8
2002300 128 8
2002305 128 8
2002310 128 8
2002315 128 8
2002320 128 8
2002325 128 8
2002330 128 8
2002335 128 8
2002340 128 8
2002345 128 8
2002350 128 8
2002355 128 8
2002360 128 8
2002365 128 8
2002370 128 8
2002375 128 8
2002380 128 8
2002385 128 8
2002390 128 8
2002395 128 8
2002400 128 8
2002405 128 8
2002410 128 8
2002415 128 8
2002420 128 8
2002425 128 8
2002430 128 8
2002435 128 8
2002440 128 8
2002445 128 8
2002450 128 8
2002455 128 8
2002460 128 8
2002465 128 8
2002470 128 8
2002475 128 8
2002480 128 8
2002485 128 8
2002490 128 8
2002495 128 8
2002500 128 8
2002505 128 8
2002510 128 8
2002515 128 8
2002520 128 8
2002525 128 8
2002530 128 8
2002535 128 8
2002540 128 8
2002545 128 8
2002550 128 8
2002555 128 8
2002560 128 8
2002565 128 8
2002570 128 8
2002575 128 8
2002580 128 8
2002585 128 8
2002590 128 8
2002595 128 8
2002600 128 8
2002605 128 8
2002610 128 8
2002615 128 8
2002620 128 8
2002625 128 8
2002630 128 8
2002635 128 8
2002640 128 8
2002645 128 8
2002650 128 8
2002655 128 8
2002660 128 8
2002665 128 8
2002670 128 8
2002675 128 8
2002680 128 8
2002685 128 8
2002690 128 8
2002695 128 8
2002700 128 8
2002705 128 8
2002710 128 8
2002715 128 8
2002720 128 8
2002725 128 8
2002730 128 8
2002735 128 8
2002740 128 8
2002745 128 8
2002750 128 8
2002755 128 8
2002760 128 8
2002765 128 8
2002770 128 8
2002775 128 8
2002780 128 8
2002785 128 8
2002790 128 8
2002795 128 8
2002800 128 8
2002805 128 8
2002810 128 8
2002815 128 8
2002820 128 8
2002825 128 8
2002830 128 8
2002835 128 8
2002840 128 8
2002845 128 8
2002850 128 8
2002855 128 8
2002860 128 8
2002865 128 8
2002870 128 8
2002875 128 8
2002880 128 8
2002885 128 8
2002890 128 8
2002895 128 8
2002900 128 8
2002905 128 8
2002910 128 8
2002915 128 8
2002920 128 8
2002925 128 8
2002930 128 8
2002935 128 8
2002940 128 8
2002945 128 8
2002950 128 8
2002955 128 8
2002960 128 8
2002965 128 8
2002970 128 8
2002975 128 8
2002980 128 8
2002985 128 8
2002990 128 8
2002995 128 8
2003000 128 8
2003005 128 8
2003010 128 8
2003015 128 8
2003020 128 8
2003025 128 8
2003030 128 8
2003035 128 8
2003040 128 8
2003045 128 8
2003050 128 8
2003055 128 8
2003060 128 8
2003065 128 8
2003070 128 8
2003075 128 8
2003080 128 8
2003085 128 8
2003090 128 8
2003095 128 8
2003100 128 8
2003105 128 8
2003110 128 8
2003115 128 8
2003120 128 8
2003125 128 8
2003130 128 8
2003135 128 8
2003140 128 8
2003145 128 8
2003150 128 8
2003155 128 8
2003160 128 8
2003165 128 8
2003170 128 8
2003175 128 8
2003180 128 8
2003185 128 8
2003190 128 8
2003195 128 8
2003200 128 8
2003205 128 8
2003210 128 8
2003215 128 8
2003220 128 8
2003225 128 8
2003230 128 8
2003235 128 8
2003240 128 8
2003245 128 8
2003250 128 8
2003255 128 8
2003260 128 8
2003265 128 8
2003270 128 8
2003275 128 8
2003280 128 8
2003285 128 8
2003290 128 8
2003295 128 8
2003300 128 8
2003305 128 8
2003310 128 8
2003315 128 8
2003320 128 8
2003325 128 8
2003330 128 8
2003335 128 8
2003340 128 8
2003345 128 8
2003350 128 8
2003355 128 8
2003360 128 8
2003365 128 8
2003370 128 8
2003375 128 8
2003380 128 8
2003385 128 8
2003390 128 8
2003395 128 8
2003400 128 8
2003405 128 8
2003410 128 8
2003415 128 8
2003420 128 8
2003425 128 8
2003430 128 8
2003435 128 8
2003440 128 8
2003445 128 8
2003450 128 8
2003455 128 8
2003460 128 8
2003465 128 8
2003470 128 8
2003475 128 8
2003480 128 8
2003485 128 8
2003490 128 8
2003495 128 8
2003500 128 8
2003505 128 8
2003510 128 8
2003515 128 8
2003520 128 8
2003525 128 8
2003530 128 8
2003535 128 8
2003540 128 8
2003545 128 8
2003550 128 8
2003555 128 8
2003560 128 8
2003565 128 8
2003570 128 8
2003575 128 8
2003580 128 8
2003585 128 8
2003590 128 8
2003595 128 8
2003600 128 8
2003605 128 8
2003610 128 8
2003615 128 8
2003620 128 8
2003625 128 8
2003630 128 8
2003635 128 8
2003640 128 8
2003645 128 8
2003650 128 8
2003655 128 8
2003660 128 8
2003665 128 8
2003670 128 8
2003675 128 8
2003680 128 8
2003685 128 8
2003690 128 8
2003695 128 8
2003700 128 8
2003705 128 8
2003710 128 8
2003715 128 8
2003720 128 8
2003725 128 8
2003730 128 8
2003735 128 8
2003740 128 8
2003745 128 8
2003750 128 8
2003755 128 8
2003760 128 8
2003765 128 8
2003770 128 8
2003775 128 8
2003780 128 8
2003785 128 8
2003790 128 8
2003795 128 8
2003800 128 8
2003805 128 8
2003810 128 8
2003815 128 8
2003820 128 8
2003825 128 8
2003830 128 8
2003835 128 8
2003840 128 8
2003845 128 8
2003850 128 8
2003855 128 8
2003860 128 8
2003865 128 8
2003870 128 8
2003875 128 8
2003880 128 8
2003885 128 8
2003890 128 8
2003895 128 8
2003900 128 8
2003905 128 8
2003910 128 8
2003915 128 8
2003920 128 8
2003925 128 8
2003930 128 8
2003935 128 8
2003940 128 8
2003945 128 8
2003950 128 8
2003955 128 8
2003960 128 8
2003965 128 8
2003970 128 8
2003975 128 8
2003980 128 8
2003985 128 8
2003990 128 8
2003995 128 8
2004000 128 8
2004005 128 8
2004010 128 8
2004015 128 8
2004020 128 8
2004025 128 8
2004030 128 8
2004035 128 8
2004040 128 8
2004045 128 8
2004050 128 8
2004055 128 8
2004060 128 8
2004065 128 8
2004070 128 8
2004075 128 8
2004080 128 8
2004085 128 8
2004090 128 8
2004095 128 8
2004100 128 8
2004105 128 8
2004110 128 8
2004115 128 8
2004120 128 8
2004125 128 8
2004130 128 8
2004135 128 8
2004140 128 8
2004145 128 8
2004150 128 8
2004155 128 8
2004160 128 8
2004165 128 8
2004170 128 8
2004175 128 8
2004180 128 8
2004185 128 8
2004190 128 8
2004195 128 8
2004200 128 8
2004205 128 8
2004210 128 8
2004215 128 8
2004220 128 8
2004225 128 8
2004230 128 8
2004235 128 8
2004240 128 8
2004245 128 8
2004250 128 8
2004255 128 8
2004260 128 8
2004265 128 8
2004270 128 8
2004275 128 8
2004280 128 8
2004285 128 8
2004290 128 8
2004295 128 8
2004300 128 8
2004305 128 8
2004310 128 8
2004315 128 8
2004320 128 8
2004325 128 8
2004330 128 8
2004335 128 8
2004340 128 8
2004345 128 8
2004350 128 8
2004355 128 8
2004360 128 8
2004365 128 8
2004370 128 8
2004375 128 8
2004380 128 8
2004385 128 8
2004390 128 8
2004395 128 8
2004400 128 8
2004405 128 8
2004410 128 8
2004415 128 8
2004420 128 8
2004425 128 8
2004430 128 8
2004435 128 8
2004440 128 8
2004445 128 8
2004450 128 8
2004455 128 8
2004460 128 8
2004465 128 8
2004470 128 8
2004475 128 8
2004480 128 8
2004485 128 8
2004490 128 8
2004495 128 8
2004500 128 8
2004505 128 8
2004510 128 8
2004515 128 8
2004520 128 8
2004525 128 8
2004530 128 8
2004535 128 8
2004540 128 8
2004545 128 8
2004550 128 8
2004555 128 8
2004560 128 8
2004565 128 8
2004570 128 8
2004575 128 8
2004580 128 8
2004585 128 8
2004590 128 8
2004595 128 8
2004600 128 8
2004605 128 8
2004610 128 8
2004615 128 8
2004620 128 8
2004625 128 8
2004630 128 8
2004635 128 8
2004640 128 8
2004645 128 8
2004650 128 8
2004655 128 8
2004660 128 8
2004665 128 8
2004670 128 8
2004675 128 8
2004680 128 8
2004685 128 8
2004690 128 8
2004695 128 8
2004700 128 8
2004705 128 8
2004710 128 8
2004715 128 8
2004720 128 8
2004725 128 8
2004730 128 8
2004735 128 8
2004740 128 8
2004745 128 8
2004750 128 8
2004755 128 8
2004760 128 8
2004765 128 8
2004770 128 8
2004775 128 8
2004780 128 8
2004785 128 8
2004790 128 8
2004795 128 8
2004800 128 8
2004805 128 8
2004810 128 8
2004815 128 8
2004820 128 8
2004825 128 8
2004830 128 8
2004835 128 8
2004840 128 8
2004845 128 8
2004850 128 8
2004855 128 8
2004860 128 8
2004865 128 8
2004870 128 8
2004875 128 8
2004880 128 8
2004885 128 8
2004890 128 8
2004895 128 8
2004900 128 8
2004905 128 8
2004910 128 8
2004915 128 8
2004920 128 8
2004925 128 8
2004930 128 8
2004935 128 8
2004940 128 8
2004945 128 8
2004950 128 8
2004955 128 8
2004960 128 8
2004965 128 8
2004970 128 8
2004975 128 8
2004980 128 8
2004985 128 8
2004990 128 8
2004995 128 8
2005000 128 8
2005005 128 8
2005010 128 8
2005015 128 8
2005020 128 8
2005025 128 8
2005030 128 8
2005035 128 8
2005040 128 8
2005045 128 8
2005050 128 8
2005055 128 8
2005060 128 8
2005065 128 8
2005070 128 8
2005075 128 8
2005080 128 8
2005085 128 8
2005090 128 8
2005095 128 8
2005100 128 8
2005105 128 8
2005110 128 8
2005115 128 8
2005120 128 8
2005125 128 8
2005130 128 8
2005135 128 8
2005140 128 8
2005145 128 8
2005150 128 8
2005155 128 8
2005160 128 8
2005165 128 8
2005170 128 8
2005175 128 8
2005180 128 8
2005185 128 8
2005190 128 8
2005195 128 8
2005200 128 8
2005205 128 8
2005210 128 8
2005215 128 8
2005220 128 8
2005225 128 8
2005230 128 8
2005235 128 8
2005240 128 8
2005245 128 8
2005250 128 8
2005255 128 8
2005260 128 8
2005265 128 8
2005270 128 8
2005275 128 8
2005280 128 8
2005285 128 8
2005290 128 8
2005295 128 8
2005300 128 8
2005305 128 8
2005310 128 8
2005315 128 8
2005320 128 8
2005325 128 8
2005330 128 8
2005335 128 8
2005340 128 8
2005345 128 8
2005350 128 8
2005355 128 8
2005360 128 8
2005365 128 8
2005370 128 8
2005375 128 8
2005380 128 8
2005385 128 8
2005390 128 8
2005395 128 8
2005400 128 8
2005405 128 8
2005410 128 8
2005415 128 8
2005420 128 8
2005425 128 8
2005430 128 8
2005435 128 8
2005440 128 8
2005445 128 8
2005450 128 8
2005455 128 8
2005460 128 8
2005465 128 8
2005470 128 8
2005475 128 8
2005480 128 8
2005485 128 8
2005490 128 8
2005495 128 8
2005500 128 8
2005505 128 8
2005510 128 8
2005515 128 8
2005520 128 8
2005525 128 8
2005530 128 8
2005535 128 8
2005540 128 8
2005545 128 8
2005550 128 8
2005555 128 8
2005560 128 8
2005565 128 8
2005570 128 8
2005575 128 8
2005580 128 8
2005585 128 8
2005590 128 8
2005595 128 8
2005600 128 8
2005605 128 8
2005610 128 8
2005615 128 8
2005620 128 8
2005625 128 8
2005630 128 8
2005635 128 8
2005640 128 8
2005645 128 8
2005650 128 8
2005655 128 8
2005660 128 8
2005665 128 8
2005670 128 8
2005675 128 8
2005680 128 8
2005685 128 8
2005690 128 8
2005695 128 8
2005700 128 8
2005705 128 8
2005710 128 8
2005715 128 8
2005720 128 8
2005725 128 8
2005730 128 8
2005735 128 8
2005740 128 8
2005745 128 8
2005750 128 8
2005755 128 8
2005760 128 8
2005765 128 8
2005770 128 8
2005775 128 8
2005780 128 8
2005785 128 8
2005790 128 8
2005795 128 8
2005800 128 8
2005805 128 8
2005810 128 8
2005815 128 8
2005820 128 8
2005825 128 8
2005830 128 8
2005835 128 8
2005840 128 8
2005845 128 8
2005850 128 8
2005855 128 8
2005860 128 8
2005865 128 8
2005870 128 8
2005875 128 8
2005880 128 8
2005885 128 8
2005890 128 8
2005895 128 8
2005900 128 8
2005905 128 8
2005910 128 8
2005915 128 8
2005920 128 8
2005925 128 8
2005930 128 8
2005935 128 8
2005940 128 8
2005945 128 8
2005950 128 8
2005955 128 8
2005960 128 8
2005965 128 8
2005970 128 8
2005975 128 8
2005980 128 8
2005985 128 8
2005990 128 8
2005995 128 8
2006000 128 8
2006005 128 8
2006010 128 8
2006015 128 8
2006020 128 8
2006025 128 8
2006030 128 8
2006035 128 8
2006040 128 8
2006045 128 8
2006050 128 8
2006055 128 8
2006060 128 8
2006065 128 8
2006070 128 8
2006075 128 8
2006080 128 8
2006085 128 8
2006090 128 8
2006095 128 8
2006100 128 8
2006105 128 8
2006110 128 8
2006115 128 8
2006120 128 8
2006125 128 8
2006130 128 8
2006135 128 8
2006140 128 8
2006145 128 8
2006150 128 8
2006155 128 8
2006160 128 8
2006165 128 8
2006170 128 8
2006175 128 8
2006180 128 8
2006185 128 8
2006190 128 8
2006195 128 8
2006200 128 8
2006205 128 8
2006210 128 8
2006215 128 8
2006220 128 8
2006225 128 8
2006230 128 8
2006235 128 8
2006240 128 8
2006245 128 8
2006250 128 8
2006255 128 8
2006260 128 8
2006265 128 8
2006270 128 8
2006275 128 8
2006280 128 8
2006285 128 8
2006290 128 8
2006295 128 8
2006300 128 8
2006305 128 8
2006310 128 8
2006315 128 8
2006320 128 8
2006325 128 8
2006330 128 8
2006335 128 8
2006340 128 8
2006345 128 8
2006350 128 8
2006355 128 8
2006360 128 8
2006365 128 8
2006370 128 8
2006375 128 8
2006380 128 8
2006385 128 8
2006390 128 8
2006395 128 8
2006400 128 8
2006405 128 8
2006410 128 8
2006415 128 8
2006420 128 8
2006425 128 8
2006430 128 8
2006435 128 8
2006440 128 8
2006445 128 8
2006450 128 8
2006455 128 8
2006460 128 8
2006465 128 8
2006470 128 8
2006475 128 8
2006480 128 8
2006485 128 8
2006490 128 8
2006495 128 8
2006500 128 8
2006505 128 8
2006510 128 8
2006515 128 8
2006520 128 8
2006525 128 8
2006530 128 8
2006535 128 8
2006540 128 8
2006545 128 8
2006550 128 8
2006555 128 8
2006560 128 8
2006565 128 8
2006570 128 8
2006575 128 8
2006580 128 8
2006585 128 8
2006590 128 8
2006595 128 8
2006600 128 8
2006605 128 8
2006610 128 8
2006615 128 8
2006620 128 8
2006625 128 8
2006630 128 8
2006635 128 8
2006640 128 8
2006645 128 8
2006650 128 8
2006655 128 8
2006660 128 8
2006665 128 8
2006670 128 8
2006675 128 8
2006680 128 8
2006685 128 8
2006690 128 8
2006695 128 8
2006700 128 8
2006705 128 8
2006710 128 8
2006715 128 8
2006720 128 8
2006725 128 8
2006730 128 8
2006735 128 8
2006740 128 8
2006745 128 8
2006750 128 8
2006755 128 8
2006760 128 8
2006765 128 8
2006770 128 8
2006775 128 8
2006780 128 8
2006785 128 8
2006790 128 8
2006795 128 8
2006800 128 8
2006805 128 8
2006810 128 8
2006815 128 8
2006820 128 8
2006825 128 8
2006830 128 8
2006835 128 8
2006840 128 8
2006845 128 8
2006850 128 8
2006855 128 8
2006860 128 8
2006865 128 8
2006870 128 8
2006875 128 8
2006880 128 8
2006885 128 8
2006890 128 8
2006895 128 8
2006900 128 8
2006905 128 8
2006910 128 8
2006915 128 8
2006920 128 8
2006925 128 8
2006930 128 8
2006935 128 8
2006940 128 8
2006945 128 8
2006950 128 8
2006955 128 8
2006960 128 8
2006965 128 8
2006970 128 8
2006975 128 8
2006980 128 8
2006985 128 8
2006990 128 8
2006995 128 8
2007000 128 8
2007005 128 8
2007010 128 8
2007015 128 8
2007020 128 8
2007025 128 8
2007030 128 8
2007035 128 8
2007040 128 8
2007045 128 8
2007050 128 8
2007055 128 8
2007060 128 8
2007065 128 8
2007070 128 8
2007075 128 8
2007080 128 8
2007085 128 8
2007090 128 8
2007095 128 8
2007100 128 8
2007105 128 8
2007110 128 8
2007115 128 8
2007120 128 8
2007125 128 8
2007130 128 8
2007135 128 8
2007140 128 8
2007145 128 8
2007150 128 8
2007155 128 8
2007160 128 8
2007165 128 8
2007170 128 8
2007175 128 8
2007180 128 8
2007185 128 8
2007190 128 8
2007195 128 8
2007200 128 8
2007205 128 8
2007210 128 8
2007215 128 8
2007220 128 8
2007225 128 8
2007230 128 8
2007235 128 8
2007240 128 8
2007245 128 8
2007250 128 8
2007255 128 8
2007260 128 8
2007265 128 8
2007270 128 8
2007275 128 8
2007280 128 8
2007285 128 8
2007290 128 8
2007295 128 8
2007300 128 8
2007305 128 8
2007310 128 8
2007315 128 8
2007320 128 8
2007325 128 8
2007330 128 8
2007335 128 8
2007340 128 8
2007345 128 8
2007350 128 8
2007355 128 8
2007360 128 8
2007365 128 8
2007370 128 8
2007375 128 8
2007380 128 8
2007385 128 8
2007390 128 8
2007395 128 8
2007400 128 8
2007405 128 8
2007410 128 8
2007415 128 8
2007420 128 8
2007425 128 8
2007430 128 8
2007435 128 8
2007440 128 8
2007445 128 8
2007450 128 8
2007455 128 8
2007460 128 8
2007465 128 8
2007470 128 8
2007475 128 8
2007480 128 8
2007485 128 8
2007490 128 8
2007495 128 8
2007500 128 8
2007505 128 8
2007510 128 8
2007515 128 8
2007520 128 8
2007525 128 8
2007530 128 8
2007535 128 8
2007540 128 8
2007545 128 8
2007550 128 8
2007555 128 8
2007560 128 8
2007565 128 8
2007570 128 8
2007575 128 8
2007580 128 8
2007585 128 8
2007590 128 8
2007595 128 8
2007600 128 8
2007605 128 8
2007610 128 8
2007615 128 8
2007620 128 8
2007625 128 8
2007630 128 8
2007635 128 8
2007640 128 8
2007645 128 8
2007650 128 8
2007655 128 8
2007660 128 8
2007665 128 8
2007670 128 8
2007675 128 8
2007680 128 8
2007685 128 8
2007690 128 8
2007695 128 8
2007700 128 8
2007705 128 8
2007710 128 8
2007715 128 8
2007720 128 8
2007725 128 8
2007730 128 8
2007735 128 8
2007740 128 8
2007745 128 8
2007750 128 8
2007755 128 8
2007760 128 8
2007765 128 8
2007770 128 8
2007775 128 8
2007780 128 8
2007785 128 8
2007790 128 8
2007795 128 8
2007800 128 8
2007805 128 8
2007810 128 8
2007815 128 8
2007820 128 8
2007825 128 8
2007830 128 8
2007835 128 8
2007840 128 8
2007845 128 8
2007850 128 8
2007855 128 8
2007860 128 8
2007865 128 8
2007870 128 8
2007875 128 8
2007880 128 8
2007885 128 8
2007890 128 8
2007895 128 8
2007900 128 8
2007905 128 8
2007910 128 8
2007915 128 8
2007920 128 8
2007925 128 8
2007930 128 8
2007935 128 8
2007940 128 8
2007945 128 8
2007950 128 8
2007955 128 8
2007960 128 8
2007965 128 8
2007970 128 8
2007975 128 8
2007980 128 8
2007985 128 8
2007990 128 8
2007995 128 8
2008000 128 8
2008005 128 8
2008010 128 8
2008015 128 8
2008020 128 8
2008025 128 8
2008030 128 8
2008035 128 8
2008040 128 8
2008045 128 8
2008050 128 8
2008055 128 8
2008060 128 8
2008065 128 8
2008070 128 8
2008075 128 8
2008080 128 8
2008085 128 8
2008090 128 8
2008095 128 8
2008100 128 8
2008105 128 8
2008110 128 8
2008115 128 8
2008120 128 8
2008125 128 8
2008130 128 8
2008135 128 8
2008140 128 8
2008145 128 8
2008150 128 8
2008155 128 8
2008160 128 8
2008165 128 8
2008170 128 8
2008175 128 8
2008180 128 8
2008185 128 8
2008190 128 8
2008195 128 8
2008200 128 8
2008205 128 8
2008210 128 8
2008215 128 8
2008220 128 8
2008225 128 8
2008230 128 8
2008235 128 8
2008240 128 8
2008245 128 8
2008250 128 8
2008255 128 8
2008260 128 8
2008265 128 8
2008270 128 8
2008275 128 8
2008280 128 8
2008285 128 8
2008290 128 8
2008295 128 8
2008300 128 8
2008305 128 8
2008310 128 8
2008315 128 8
2008320 128 8
2008325 128 8
2008330 128 8
2008335 128 8
2008340 128 8
2008345 128 8
2008350 128 8
2008355 128 8
2008360 128 8
2008365 128 8
2008370 128 8
2008375 128 8
2008380 128 8
2008385 128 8
2008390 128 8
2008395 128 8
2008400 128 8
2008405 128 8
2008410 128 8
2008415 128 8
2008420 128 8
2008425 128 8
2008430 128 8
2008435 128 8
2008440 128 8
2008445 128 8
2008450 128 8
2008455 128 8
2008460 128 8
2008465 128 8
2008470 128 8
2008475 128 8
2008480 128 8
2008485 128 8
2008490 128 8
2008495 128 8
2008500 128 8
2008505 128 8
2008510 128 8
2008515 128 8
2008520 128 8
2008525 128 8
2008530 128 8
2008535 128 8
2008540 128 8
2008545 128 8
2008550 128 8
2008555 128 8
2008560 128 8
2008565 128 8
2008570 128 8
2008575 128 8
2008580 128 8
2008585 128 8
2008590 128 8
2008595 128 8
2008600 128 8
2008605 128 8
2008610 128 8
2008615 128 8
2008620 128 8
2008625 128 8
2008630 128 8
2008635 128 8
2008640 128 8
2008645 128 8
2008650 128 8
2008655 128 8
2008660 128 8
2008665 128 8
2008670 128 8
2008675 128 8
2008680 128 8
2008685 128 8
2008690 128 8
2008695 128 8
2008700 128 8
2008705 128 8
2008710 128 8
2008715 128 8
2008720 128 8
2008725 128 8
2008730 128 8
2008735 128 8
2008740 128 8
2008745 128 8
2008750 128 8
2008755 128 8
2008760 128 8
2008765 128 8
2008770 128 8
2008775 128 8
2008780 128 8
2008785 128 8
2008790 128 8
2008795 128 8
2008800 128 8
2008805 128 8
2008810 128 8
2008815 128 8
2008820 128 8
2008825 128 8
2008830 128 8
2008835 128 8
2008840 128 8
2008845 128 8
2008850 128 8
2008855 128 8
2008860 128 8
2008865 128 8
2008870 128 8
2008875 128 8
2008880 128 8
2008885 128 8
2008890 128 8
2008895 128 8
2008900 128 8
2008905 128 8
2008910 128 8
2008915 128 8
2008920 128 8
2008925 128 8
2008930 128 8
2008935 128 8
2008940 128 8
2008945 128 8
2008950 128 8
2008955 128 8
2008960 128 8
2008965 128 8
2008970 128 8
2008975 128 8
2008980 128 8
2008985 128 8
2008990 128 8
2008995 128 8
2009000 128 8
2009005 128 8
2009010 128 8
2009015 128 8
2009020 128 8
2009025 128 8
2009030 128 8
2009035 128 8
2009040 128 8
2009045 128 8
2009050 128 8
2009055 128 8
2009060 128 8
2009065 128 8
2009070 128 8
2009075 128 8
2009080 128 8
2009085 128 8
2009090 128 8
2009095 128 8
2009100 128 8
2009105 128 8
2009110 128 8
2009115 128 8
2009120 128 8
2009125 128 8
2009130 128 8
2009135 128 8
2009140 128 8
2009145 128 8
2009150 128 8
2009155 128 8
2009160 128 8
2009165 128 8
2009170 128 8
2009175 128 8
2009180 128 8
2009185 128 8
2009190 128 8
2009195 128 8
2009200 128 8
2009205 128 8
2009210 128 8
2009215 128 8
2009220 128 8
2009225 128 8
2009230 128 8
2009235 128 8
2009240 128 8
2009245 128 8
2009250 128 8
2009255 128 8
2009260 128 8
2009265 128 8
2009270 128 8
2009275 128 8
2009280 128 8
2009285 128 8
2009290 128 8
2009295 128 8
2009300 128 8
2009305 128 8
2009310 128 8
2009315 128 8
2009320 128 8
2009325 128 8
2009330 128 8
2009335 128 8
2009340 128 8
2009345 128 8
2009350 128 8
2009355 128 8
2009360 128 8
2009365 128 8
2009370 128 8
2009375 128 8
2009380 128 8
2009385 128 8
2009390 128 8
2009395 128 8
2009400 128 8
2009405 128 8
2009410 128 8
2009415 128 8
2009420 128 8
2009425 128 8
2009430 128 8
2009435 128 8
2009440 128 8
2009445 128 8
2009450 128 8
2009455 128 8
2009460 128 8
2009465 128 8
2009470 128 8
2009475 128 8
2009480 128 8
2009485 128 8
2009490 128 8
2009495 128 8
2009500 128 8
2009505 128 8
2009510 128 8
2009515 128 8
2009520 128 8
2009525 128 8
2009530 128 8
2009535 128 8
2009540 128 8
2009545 128 8
2009550 128 8
2009555 128 8
2009560 128 8
2009565 128 8
2009570 128 8
2009575 128 8
2009580 128 8
2009585 128 8
2009590 128 8
2009595 128 8
2009600 128 8
2009605 128 8
2009610 128 8
2009615 128 8
2009620 128 8
2009625 128 8
2009630 128 8
2009635 128 8
2009640 128 8
2009645 128 8
2009650 128 8
2009655 128 8
2009660 128 8
2009665 128 8
2009670 128 8
2009675 128 8
2009680 128 8
2009685 128 8
2009690 128 8
2009695 128 8
2009700 128 8
2009705 128 8
2009710 128 8
2009715 128 8
2009720 128 8
2009725 128 8
2009730 128 8
2009735 128 8
2009740 128 8
2009745 128 8
2009750 128 8
2009755 128 8
2009760 128 8
2009765 128 8
2009770 128 8
2009775 128 8
2009780 128 8
2009785 128 8
2009790 128 8
2009795 128 8
2009800 128 8
2009805 128 8
2009810 128 8
2009815 128 8
2009820 128 8
2009825 128 8
2009830 128 8
2009835 128 8
2009840 128 8
2009845 128 8
2009850 128 8
2009855 128 8
2009860 128 8
2009865 128 8
2009870 128 8
2009875 128 8
2009880 128 8
2009885 128 8
2009890 128 8
2009895 128 8
2009900 128 8
2009905 128 8
2009910 128 8
2009915 128 8
2009920 128 8
2009925 128 8
2009930 128 8
2009935 128 8
2009940 128 8
2009945 128 8
2009950 128 8
2009955 128 8
2009960 128 8
2009965 128 8
2009970 128 8
2009975 128 8
2009980 128 8
2009985 128 8
2009990 128 8
2009995 128 8
2010000 128 8
2010005 128 8
2010010 128 8
2010015 128 8
2010020 128 8
2010025 128 8
2010030 128 8
2010035 128 8
2010040 128 8
2010045 128 8
2010050 128 8
2010055 128 8
2010060 128 8
2010065 128 8
2010070 128 8
2010075 128 8
2010080 128 8
2010085 128 8
2010090 128 8
2010095 128 8
2010100 128 8
2010105 128 8
2010110 128 8
2010115 128 8
2010120 128 8
2010125 128 8
2010130 128 8
2010135 128 8
2010140 128 8
2010145 128 8
2010150 128 8
2010155 128 8
2010160 128 8
2010165 128 8
2010170 128 8
2010175 128 8
2010180 128 8
2010185 128 8
2010190 128 8
2010195 128 8
2010200 128 8
2010205 128 8
2010210 128 8
2010215 128 8
2010220 128 8
2010225 128 8
2010230 128 8
2010235 128 8
2010240 128 8
2010245 128 8
2010250 128 8
2010255 128 8
2010260 128 8
2010265 128 8
2010270 128 8
2010275 128 8
2010280 128 8
2010285 128 8
2010290 128 8
2010295 128 8
2010300 128 8
2010305 128 8
2010310 128 8
2010315 128 8
2010320 128 8
2010325 128 8
2010330 128 8
2010335 128 8
2010340 128 8
2010345 128 8
2010350 128 8
2010355 128 8
2010360 128 8
2010365 128 8
2010370 128 8
2010375 128 8
2010380 128 8
2010385 128 8
2010390 128 8
2010395 128 8
2010400 128 8
2010405 128 8
2010410 128 8
2010415 128 8
2010420 128 8
2010425 128 8
2010430 128 8
2010435 128 8
2010440 128 8
2010445 128 8
2010450 128 8
2010455 128 8
2010460 128 8
2010465 128 8
2010470 128 8
2010475 128 8
2010480 128 8
2010485 128 8
2010490 128 8
2010495 128 8
2010500 128 8
2010505 128 8
2010510 128 8
2010515 128 8
2010520 128 8
2010525 128 8
2010530 128 8
2010535 128 8
2010540 128 8
2010545 128 8
2010550 128 8
2010555 128 8
2010560 128 8
2010565 128 8
2010570 128 8
2010575 128 8
2010580 128 8
2010585 128 8
2010590 128 8
2010595 128 8
2010600 128 8
2010605 128 8
2010610 128 8
2010615 128 8
2010620 128 8
2010625 128 8
2010630 128 8
2010635 128 8
2010640 128 8
2010645 128 8
2010650 128 8
2010655 128 8
2010660 128 8
2010665 128 8
2010670 128 8
2010675 128 8
2010680 128 8
2010685 128 8
2010690 128 8
2010695 128 8
2010700 128 8
2010705 128 8
2010710 128 8
2010715 128 8
2010720 128 8
2010725 128 8
2010730 128 8
2010735 128 8
2010740 128 8
2010745 128 8
2010750 128 8
2010755 128 8
2010760 128 8
2010765 128 8
2010770 128 8
2010775 128 8
2010780 128 8
2010785 128 8
2010790 128 8
2010795 128 8
2010800 128 8
2010805 128 8
2010810 128 8
2010815 128 8
2010820 128 8
2010825 128 8
2010830 128 8
2010835 128 8
2010840 128 8
2010845 128 8
2010850 128 8
2010855 128 8
2010860 128 8
2010865 128 8
2010870 128 8
2010875 128 8
2010880 128 8
2010885 128 8
2010890 128 8
2010895 128 8
2010900 128 8
2010905 128 8
2010910 128 8
2010915 128 8
2010920 128 8
2010925 128 8
2010930 128 8
2010935 128 8
2010940 128 8
2010945 128 8
2010950 128 8
2010955 128 8
2010960 128 8
2010965 128 8
2010970 128 8
2010975 128 8
2010980 128 8
2010985 128 8
2010990 128 8
2010995 128 8
2011000 128 8
2011005 128 8
2011010 128 8
2011015 128 8
2011020 128 8
2011025 128 8
2011030 128 8
2011035 128 8
2011040 128 8
2011045 128 8
2011050 128 8
2011055 128 8
2011060 128 8
2011065 128 8
2011070 128 8
2011075 128 8
2011080 128 8
2011085 128 8
2011090 128 8
2011095 128 8
2011100 128 8
2011105 128 8
2011110 128 8
2011115 128 8
2011120 128 8
2011125 128 8
2011130 128 8
2011135 128 8
2011140 128 8
2011145 128 8
2011150 128 8
2011155 128 8
2011160 128 8
2011165 128 8
2011170 128 8
2011175 128 8
2011180 128 8
2011185 128 8
2011190 128 8
2011195 128 8
2011200 128 8
2011205 128 8
2011210 128 8
2011215 128 8
2011220 128 8
2011225 128 8
2011230 128 8
2011235 128 8
2011240 128 8
2011245 128 8
2011250 128 8
2011255 128 8
2011260 128 8
2011265 128 8
2011270 128 8
2011275 128 8
2011280 128 8
2011285 128 8
2011290 128 8
2011295 128 8
2011300 128 8
2011305 128 8
2011310 128 8
2011315 128 8
2011320 128 8
2011325 128 8
2011330 128 8
2011335 128 8
2011340 128 8
2011345 128 8
2011350 128 8
2011355 128 8
2011360 128 8
2011365 128 8
2011370 128 8
2011375 128 8
2011380 128 8
2011385 128 8
2011390 128 8
2011395 128 8
2011400 128 8
2011405 128 8
2011410 128 8
2011415 128 8
2011420 128 8
2011425 128 8
2011430 128 8
2011435 128 8
2011440 128 8
2011445 128 8
2011450 128 8
2011455 128 8
2011460 128 8
2011465 128 8
2011470 128 8
2011475 128 8
2011480 128 8
2011485 128 8
2011490 128 8
2011495 128 8
2011500 128 8
2011505 128 8
2011510 128 8
2011515 128 8
2011520 128 8
2011525 128 8
2011530 128 8
2011535 128 8
2011540 128 8
2011545 128 8
2011550 128 8
2011555 128 8
2011560 128 8
2011565 128 8
2011570 128 8
2011575 128 8
2011580 128 8
2011585 128 8
2011590 128 8
2011595 128 8
2011600 128 8
2011605 128 8
2011610 128 8
2011615 128 8
2011620 128 8
2011625 128 8
2011630 128 8
2011635 128 8
2011640 128 8
2011645 128 8
2011650 128 8
2011655 128 8
2011660 128 8
2011665 128 8
2011670 128 8
2011675 128 8
2011680 128 8
2011685 128 8
2011690 128 8
2011695 128 8
2011700 128 8
2011705 128 8
2011710 128 8
2011715 128 8
2011720 128 8
2011725 128 8
2011730 128 8
2011735 128 8
2011740 128 8
2011745 128 8
2011750 128 8
2011755 128 8
2011760 128 8
2011765 128 8
2011770 128 8
2011775 128 8
2011780 128 8
2011785 128 8
2011790 128 8
2011795 128 8
2011800 128 8
2011805 128 8
2011810 128 8
2011815 128 8
2011820 128 8
2011825 128 8
2011830 128 8
2011835 128 8
2011840 128 8
2011845 128 8
2011850 128 8
2011855 128 8
2011860 128 8
2011865 128 8
2011870 128 8
2011875 128 8
2011880 128 8
2011885 128 8
2011890 128 8
2011895 128 8
2011900 128 8
2011905 128 8
2011910 128 8
2011915 128 8
2011920 128 8
2011925 128 8
2011930 128 8
2011935 128 8
2011940 128 8
2011945 128 8
2011950 128 8
2011955 128 8
2011960 128 8
2011965 128 8
2011970 128 8
2011975 128 8
2011980 128 8
2011985 128 8
2011990 128 8
2011995 128 8
2012000 128 8
2012005 128 8
2012010 128 8
2012015 128 8
2012020 128 8
2012025 128 8
2012030 128 8
2012035 128 8
2012040 128 8
2012045 128 8
2012050 128 8
2012055 128 8
2012060 128 8
2012065 128 8
2012070 128 8
2012075 128 8
2012080 128 8
2012085 128 8
2012090 128 8
2012095 128 8
2012100 128 8
2012105 128 8
2012110 128 8
2012115 128 8
2012120 128 8
2012125 128 8
2012130 128 8
2012135 128 8
2012140 128 8
2012145 128 8
2012150 128 8
2012155 128 8
2012160 128 8
2012165 128 8
2012170 128 8
2012175 128 8
2012180 128 8
2012185 128 8
2012190 128 8
2012195 128 8
2012200 128 8
2012205 128 8
2012210 128 8
2012215 128 8
2012220 128 8
2012225 128 8
2012230 128 8
2012235 128 8
2012240 128 8
2012245 128 8
2012250 128 8
2012255 128 8
2012260 128 8
2012265 128 8
2012270 128 8
2012275 128 8
2012280 128 8
2012285 128 8
2012290 128 8
2012295 128 8
2012300 128 8
2012305 128 8
2012310 128 8
2012315 128 8
2012320 128 8
2012325 128 8
2012330 128 8
2012335 128 8
2012340 128 8
2012345 128 8
2012350 128 8
2012355 128 8
2012360 128 8
2012365 128 8
2012370 128 8
2012375 128 8
2012380 128 8
2012385 128 8
2012390 128 8
2012395 128 8
2012400 128 8
2012405 128 8
2012410 128 8
2012415 128 8
2012420 128 8
2012425 128 8
2012430 128 8
2012435 128 8
2012440 128 8
2012445 128 8
2012450 128 8
2012455 128 8
2012460 128 8
2012465 128 8
2012470 128 8
2012475 128 8
2012480 128 8
2012485 128 8
2012490 128 8
2012495 128 8
2012500 128 8
2012505 128 8
2012510 128 8
2012515 128 8
2012520 128 8
2012525 128 8
2012530 128 8
2012535 128 8
2012540 128 8
2012545 128 8
2012550 128 8
2012555 128 8
2012560 128 8
2012565 128 8
2012570 128 8
2012575 128 8
2012580 128 8
2012585 128 8
2012590 128 8
2012595 128 8
2012600 128 8
2012605 128 8
2012610 128 8
2012615 128 8
2012620 128 8
2012625 128 8
2012630 128 8
2012635 128 8
2012640 128 8
2012645 128 8
2012650 128 8
2012655 128 8
2012660 128 8
2012665 128 8
2012670 128 8
2012675 128 8
2012680 128 8
2012685 128 8
2012690 128 8
2012695 128 8
2012700 128 8
2012705 128 8
2012710 128 8
2012715 128 8
2012720 128 8
2012725 128 8
2012730 128 8
2012735 128 8
2012740 128 8
2012745 128 8
2012750 128 8
2012755 128 8
2012760 128 8
2012765 128 8
2012770 128 8
2012775 128 8
2012780 128 8
2012785 128 8
2012790 128 8
2012795 128 8
2012800 128 8
2012805 128 8
2012810 128 8
2012815 128 8
2012820 128 8
2012825 128 8
2012830 128 8
2012835 128 8
2012840 128 8
2012845 128 8
2012850 128 8
2012855 128 8
2012860 128 8
2012865 128 8
2012870 128 8
2012875 128 8
2012880 128 8
2012885 128 8
2012890 128 8
2012895 128 8
2012900 128 8
2012905 128 8
2012910 128 8
2012915 128 8
2012920 128 8
2012925 128 8
2012930 128 8
2012935 128 8
2012940 128 8
2012945 128 8
2012950 128 8
2012955 128 8
2012960 128 8
2012965 128 8
2012970 128 8
2012975 128 8
2012980 128 8
2012985 128 8
2012990 128 8
2012995 128 8
2013000 128 8
2013005 128 8
2013010 128 8
2013015 128 8
2013020 128 8
2013025 128 8
2013030 128 8
2013035 128 8
2013040 128 8
2013045 128 8
2013050 128 8
2013055 128 8
2013060 128 8
2013065 128 8
2013070 128 8
2013075 128 8
2013080 128 8
2013085 128 8
2013090 128 8
2013095 128 8
2013100 128 8
2013105 128 8
2013110 128 8
2013115 128 8
2013120 128 8
2013125 128 8
2013130 128 8
2013135 128 8
2013140 128 8
2013145 128 8
2013150 128 8
2013155 128 8
2013160 128 8
2013165 128 8
2013170 128 8
2013175 128 8
2013180 128 8
2013185 128 8
2013190 128 8
2013195 128 8
2013200 128 8
2013205 128 8
2013210 128 8
2013215 128 8
2013220 128 8
2013225 128 8
2013230 128 8
2013235 128 8
2013240 128 8
2013245 128 8
2013250 128 8
2013255 128 8
2013260 128 8
2013265 128 8
2013270 128 8
2013275 128 8
2013280 128 8
2013285 128 8
2013290 128 8
2013295 128 8
2013300 128 8
2013305 128 8
2013310 128 8
2013315 128 8
2013320 128 8
2013325 128 8
2013330 128 8
2013335 128 8
2013340 128 8
2013345 128 8
2013350 128 8
2013355 128 8
2013360 128 8
2013365 128 8
2013370 128 8
2013375 128 8
2013380 128 8
2013385 128 8
2013390 128 8
2013395 128 8
2013400 128 8
2013405 128 8
2013410 128 8
2013415 128 8
2013420 128 8
2013425 128 8
2013430 128 8
2013435 128 8
2013440 128 8
2013445 128 8
2013450 128 8
2013455 128 8
2013460 128 8
2013465 128 8
2013470 128 8
2013475 128 8
2013480 128 8
2013485 128 8
2013490 128 8
2013495 128 8
2013500 128 8
2013505 128 8
2013510 128 8
2013515 128 8
2013520 128 8
2013525 128 8
2013530 128 8
2013535 128 8
2013540 128 8
2013545 128 8
2013550 128 8
2013555 128 8
2013560 128 8
2013565 128 8
2013570 128 8
2013575 128 8
2013580 128 8
2013585 128 8
2013590 128 8
2013595 128 8
2013600 128 8
2013605 128 8
2013610 128 8
2013615 128 8
2013620 128 8
2013625 128 8
2013630 128 8
2013635 128 8
2013640 128 8
2013645 128 8
2013650 128 8
2013655 128 8
2013660 128 8
2013665 128 8
2013670 128 8
2013675 128 8
2013680 128 8
2013685 128 8
2013690 128 8
2013695 128 8
2013700 128 8
2013705 128 8
2013710 128 8
2013715 128 8
2013720 128 8
2013725 128 8
2013730 128 8
2013735 128 8
2013740 128 8
2013745 128 8
2013750 128 8
2013755 128 8
2013760 128 8
2013765 128 8
2013770 128 8
2013775 128 8
2013780 128 8
2013785 128 8
2013790 128 8
2013795 128 8
2013800 128 8
2013805 128 8
2013810 128 8
2013815 128 8
2013820 128 8
2013825 128 8
2013830 128 8
2013835 128 8
2013840 128 8
2013845 128 8
2013850 128 8
2013855 128 8
2013860 128 8
2013865 128 8
2013870 128 8
2013875 128 8
2013880 128 8
2013885 128 8
2013890 128 8
2013895 128 8
2013900 128 8
2013905 128 8
2013910 128 8
2013915 128 8
2013920 128 8
2013925 128 8
2013930 128 8
2013935 128 8
2013940 128 8
2013945 128 8
2013950 128 8
2013955 128 8
2013960 128 8
2013965 128 8
2013970 128 8
2013975 128 8
2013980 128 8
2013985 128 8
2013990 128 8
2013995 128 8
2014000 128 8
2014005 128 8
2014010 128 8
2014015 128 8
2014020 128 8
2014025 128 8
2014030 128 8
2014035 128 8
2014040 128 8
2014045 128 8
2014050 128 8
2014055 128 8
2014060 128 8
2014065 128 8
2014070 128 8
2014075 128 8
2014080 128 8
2014085 128 8
2014090 128 8
2014095 128 8
2014100 128 8
2014105 128 8
2014110 128 8
2014115 128 8
2014120 128 8
2014125 128 8
2014130 128 8
2014135 128 8
2014140 128 8
2014145 128 8
2014150 128 8
2014155 128 8
2014160 128 8
2014165 128 8
2014170 128 8
2014175 128 8
2014180 128 8
2014185 128 8
2014190 128 8
2014195 128 8
2014200 128 8
2014205 128 8
2014210 128 8
2014215 128 8
2014220 128 8
2014225 128 8
2014230 128 8
2014235 128 8
2014240 128 8
2014245 128 8
2014250 128 8
2014255 128 8
2014260 128 8
2014265 128 8
2014270 128 8
2014275 128 8
2014280 128 8
2014285 128 8
2014290 128 8
2014295 128 8
2014300 128 8
2014305 128 8
2014310 128 8
2014315 128 8
2014320 128 8
2014325 128 8
2014330 128 8
2014335 128 8
2014340 128 8
2014345 128 8
2014350 128 8
2014355 128 8
2014360 128 8
2014365 128 8
2014370 128 8
2014375 128 8
2014380 128 8
2014385 128 8
2014390 128 8
2014395 128 8
2014400 128 8
2014405 128 8
2014410 128 8
2014415 128 8
2014420 128 8
2014425 128 8
2014430 128 8
2014435 128 8
2014440 128 8
2014445 128 8
2014450 128 8
2014455 128 8
2014460 128 8
2014465 128 8
2014470 128 8
2014475 128 8
2014480 128 8
2014485 128 8
2014490 128 8
2014495 128 8
2014500 128 8
2014505 128 8
2014510 128 8
2014515 128 8
2014520 128 8
2014525 128 8
2014530 128 8
2014535 128 8
2014540 128 8
2014545 128 8
2014550 128 8
2014555 128 8
2014560 128 8
2014565 128 8
2014570 128 8
2014575 128 8
2014580 128 8
2014585 128 8
2014590 128 8
2014595 128 8
2014600 128 8
2014605 128 8
2014610 128 8
2014615 128 8
2014620 128 8
2014625 128 8
2014630 128 8
2014635 128 8
2014640 128 8
2014645 128 8
2014650 128 8
2014655 128 8
2014660 128 8
2014665 128 8
2014670 128 8
2014675 128 8
2014680 128 8
2014685 128 8
2014690 128 8
2014695 128 8
2014700 128 8
2014705 128 8
2014710 128 8
2014715 128 8
2014720 128 8
2014725 128 8
2014730 128 8
2014735 128 8
2014740 128 8
2014745 128 8
2014750 128 8
2014755 128 8
2014760 128 8
2014765 128 8
2014770 128 8
2014775 128 8
2014780 128 8
2014785 128 8
2014790 128 8
2014795 128 8
2014800 128 8
2014805 128 8
2014810 128 8
2014815 128 8
2014820 128 8
2014825 128 8
2014830 128 8
2014835 128 8
2014840 128 8
2014845 128 8
2014850 128 8
2014855 128 8
2014860 128 8
2014865 128 8
2014870 128 8
2014875 128 8
2014880 128 8
2014885 128 8
2014890 128 8
2014895 128 8
2014900 128 8
2014905 128 8
2014910 128 8
2014915 128 8
2014920 128 8
2014925 128 8
2014930 128 8
2014935 128 8
2014940 128 8
2014945 128 8
2014950 128 8
2014955 128 8
2014960 128 8
2014965 128 8
2014970 128 8
2014975 128 8
2014980 128 8
2014985 128 8
2014990 128 8
2014995 128 8
2015000 128 8
2015005 128 8
2015010 128 8
2015015 128 8
2015020 128 8
2015025 128 8
2015030 128 8
2015035 128 8
2015040 128 8
2015045 128 8
2015050 128 8
2015055 128 8
2015060 128 8
2015065 128 8
2015070 128 8
2015075 128 8
2015080 128 8
2015085 128 8
2015090 128 8
2015095 128 8
2015100 128 8
2015105 128 8
2015110 128 8
2015115 128 8
2015120 128 8
2015125 128 8
2015130 128 8
2015135 128 8
2015140 128 8
2015145 128 8
2015150 128 8
2015155 128 8
2015160 128 8
2015165 128 8
2015170 128 8
2015175 128 8
2015180 128 8
2015185 128 8
2015190 128 8
2015195 128 8
2015200 128 8
2015205 128 8
2015210 128 8
2015215 128 8
2015220 128 8
2015225 128 8
2015230 128 8
2015235 128 8
2015240 128 8
2015245 128 8
2015250 128 8
2015255 128 8
2015260 128 8
2015265 128 8
2015270 128 8
2015275 128 8
2015280 128 8
2015285 128 8
2015290 128 8
2015295 128 8
2015300 128 8
2015305 128 8
2015310 128 8
2015315 128 8
2015320 128 8
2015325 128 8
2015330 128 8
2015335 128 8
2015340 128 8
2015345 128 8
2015350 128 8
2015355 128 8
2015360 128 8
2015365 128 8
2015370 128 8
2015375 128 8
2015380 128 8
2015385 128 8
2015390 128 8
2015395 128 8
2015400 128 8
2015405 128 8
2015410 128 8
2015415 128 8
2015420 128 8
2015425 128 8
2015430 128 8
2015435 128 8
2015440 128 8
2015445 128 8
2015450 128 8
2015455 128 8
2015460 128 8
2015465 128 8
2015470 128 8
2015475 128 8
2015480 128 8
2015485 128 8
2015490 128 8
2015495 128 8
2015500 128 8
2015505 128 8
2015510 128 8
2015515 128 8
2015520 128 8
2015525 128 8
2015530 128 8
2015535 128 8
2015540 128 8
2015545 128 8
2015550 128 8
2015555 128 8
2015560 128 8
2015565 128 8
2015570 128 8
2015575 128 8
2015580 128 8
2015585 128 8
2015590 128 8
2015595 128 8
2015600 128 8
2015605 128 8
2015610 128 8
2015615 128 8
2015620 128 8
2015625 128 8
2015630 128 8
2015635 128 8
2015640 128 8
2015645 128 8
2015650 128 8
2015655 128 8
2015660 128 8
2015665 128 8
2015670 128 8
2015675 128 8
2015680 128 8
2015685 128 8
2015690 128 8
2015695 128 8
2015700 128 8
2015705 128 8
2015710 128 8
2015715 128 8
2015720 128 8
2015725 128 8
2015730 128 8
2015735 128 8
2015740 128 8
2015745 128 8
2015750 128 8
2015755 128 8
2015760 128 8
2015765 128 8
2015770 128 8
2015775 128 8
2015780 128 8
2015785 128 8
2015790 128 8
2015795 128 8
2015800 128 8
2015805 128 8
2015810 128 8
2015815 128 8
2015820 128 8
2015825 128 8
2015830 128 8
2015835 128 8
2015840 128 8
2015845 128 8
2015850 128 8
2015855 128 8
2015860 128 8
2015865 128 8
2015870 128 8
2015875 128 8
2015880 128 8
2015885 128 8
2015890 128 8
2015895 128 8
2015900 128 8
2015905 128 8
2015910 128 8
2015915 128 8
2015920 128 8
2015925 128 8
2015930 128 8
2015935 128 8
2015940 128 8
2015945 128 8
2015950 128 8
2015955 128 8
2015960 128 8
2015965 128 8
2015970 128 8
2015975 128 8
2015980 128 8
2015985 128 8
2015990 128 8
2015995 128 8
2016000 128 8
2016005 128 8
2016010 128 8
2016015 128 8
2016020 128 8
2016025 128 8
2016030 128 8
2016035 128 8
2016040 128 8
2016045 128 8
2016050 128 8
2016055 128 8
2016060 128 8
2016065 128 8
2016070 128 8
2016075 128 8
2016080 128 8
2016085 128 8
2016090 128 8
2016095 128 8
2016100 128 8
2016105 128 8
2016110 128 8
2016115 128 8
2016120 128 8
2016125 128 8
2016130 128 8
2016135 128 8
2016140 128 8
2016145 128 8
2016150 128 8
2016155 128 8
2016160 128 8
2016165 128 8
2016170 128 8
2016175 128 8
2016180 128 8
2016185 128 8
2016190 128 8
2016195 128 8
2016200 128 8
2016205 128 8
2016210 128 8
2016215 128 8
2016220 128 8
2016225 128 8
2016230 128 8
2016235 128 8
2016240 128 8
2016245 128 8
2016250 128 8
2016255 128 8
2016260 128 8
2016265 128 8
2016270 128 8
2016275 128 8
2016280 128 8
2016285 128 8
2016290 128 8
2016295 128 8
2016300 128 8
2016305 128 8
2016310 128 8
2016315 128 8
2016320 128 8
2016325 128 8
2016330 128 8
2016335 128 8
2016340 128 8
2016345 128 8
2016350 128 8
2016355 128 8
2016360 128 8
2016365 128 8
2016370 128 8
2016375 128 8
2016380 128 8
2016385 128 8
2016390 128 8
2016395 128 8
2016400 128 8
2016405 128 8
2016410 128 8
2016415 128 8
2016420 128 8
2016425 128 8
2016430 128 8
2016435 128 8
2016440 128 8
2016445 128 8
2016450 128 8
2016455 128 8
2016460 128 8
2016465 128 8
2016470 128 8
2016475 128 8
2016480 128 8
2016485 128 8
2016490 128 8
2016495 128 8
2016500 128 8
2016505 128 8
2016510 128 8
2016515 128 8
2016520 128 8
2016525 128 8
2016530 128 8
2016535 128 8
2016540 128 8
2016545 128 8
2016550 128 8
2016555 128 8
2016560 128 8
2016565 128 8
2016570 128 8
2016575 128 8
2016580 128 8
2016585 128 8
2016590 128 8
2016595 128 8
2016600 128 8
2016605 128 8
2016610 128 8
2016615 128 8
2016620 128 8
2016625 128 8
2016630 128 8
2016635 128 8
2016640 128 8
2016645 128 8
2016650 128 8
2016655 128 8
2016660 128 8
2016665 128 8
2016670 128 8
2016675 128 8
2016680 128 8
2016685 128 8
2016690 128 8
2016695 128 8
2016700 128 8
2016705 128 8
2016710 128 8
2016715 128 8
2016720 128 8
2016725 128 8
2016730 128 8
2016735 128 8
2016740 128 8
2016745 128 8
2016750 128 8
2016755 128 8
2016760 128 8
2016765 128 8
2016770 128 8
2016775 128 8
2016780 128 8
2016785 128 8
2016790 128 8
2016795 128 8
2016800 128 8
2016805 128 8
2016810 128 8
2016815 128 8
2016820 128 8
2016825 128 8
2016830 128 8
2016835 128 8
2016840 128 8
2016845 128 8
2016850 128 8
2016855 128 8
2016860 128 8
2016865 128 8
2016870 128 8
2016875 128 8
2016880 128 8
2016885 128 8
2016890 128 8
2016895 128 8
2016900 128 8
2016905 128 8
2016910 128 8
2016915 128 8
2016920 128 8
2016925 128 8
2016930 128 8
2016935 128 8
2016940 128 8
2016945 128 8
2016950 128 8
2016955 128 8
2016960 128 8
2016965 128 8
2016970 128 8
2016975 128 8
2016980 128 8
2016985 128 8
2016990 128 8
2016995 128 8
2017000 128 8
2017005 128 8
2017010 128 8
2017015 128 8
2017020 128 8
2017025 128 8
2017030 128 8
2017035 128 8
2017040 128 8
2017045 128 8
2017050 128 8
2017055 128 8
2017060 128 8
2017065 128 8
2017070 128 8
2017075 128 8
2017080 128 8
2017085 128 8
2017090 128 8
2017095 128 8
2017100 128 8
2017105 128 8
2017110 128 8
2017115 128 8
2017120 128 8
2017125 128 8
2017130 128 8
2017135 128 8
2017140 128 8
2017145 128 8
2017150 128 8
2017155 128 8
2017160 128 8
2017165 128 8
2017170 128 8
2017175 128 8
2017180 128 8
2017185 128 8
2017190 128 8
2017195 128 8
2017200 128 8
2017205 128 8
2017210 128 8
2017215 128 8
2017220 128 8
2017225 128 8
2017230 128 8
2017235 128 8
2017240 128 8
2017245 128 8
2017250 128 8
2017255 128 8
2017260 128 8
2017265 128 8
2017270 128 8
2017275 128 8
2017280 128 8
2017285 128 8
2017290 128 8
2017295 128 8
2017300 128 8
2017305 128 8
2017310 128 8
2017315 128 8
2017320 128 8
2017325 128 8
2017330 128 8
2017335 128 8
2017340 128 8
2017345 128 8
2017350 128 8
2017355 128 8
2017360 128 8
2017365 128 8
2017370 128 8
2017375 128 8
2017380 128 8
2017385 128 8
2017390 128 8
2017395 128 8
2017400 128 8
2017405 128 8
2017410 128 8
2017415 128 8
2017420 128 8
2017425 128 8
2017430 128 8
2017435 128 8
2017440 128 8
2017445 128 8
2017450 128 8
2017455 128 8
2017460 128 8
2017465 128 8
2017470 128 8
2017475 128 8
2017480 128 8
2017485 128 8
2017490 128 8
2017495 128 8
2017500 128 8
2017505 128 8
2017510 128 8
2017515 128 8
2017520 128 8
2017525 128 8
2017530 128 8
2017535 128 8
2017540 128 8
2017545 128 8
2017550 128 8
2017555 128 8
2017560 128 8
2017565 128 8
2017570 128 8
2017575 128 8
2017580 128 8
2017585 128 8
2017590 128 8
2017595 128 8
2017600 128 8
2017605 128 8
2017610 128 8
2017615 128 8
2017620 128 8
2017625 128 8
2017630 128 8
2017635 128 8
2017640 128 8
2017645 128 8
2017650 128 8
2017655 128 8
2017660 128 8
2017665 128 8
2017670 128 8
2017675 128 8
2017680 128 8
2017685 128 8
2017690 128 8
2017695 128 8
2017700 128 8
2017705 128 8
2017710 128 8
2017715 128 8
2017720 128 8
2017725 128 8
2017730 128 8
2017735 128 8
2017740 128 8
2017745 128 8
2017750 128 8
2017755 128 8
2017760 128 8
2017765 128 8
2017770 128 8
2017775 128 8
2017780 128 8
2017785 128 8
2017790 128 8
2017795 128 8
2017800 128 8
2017805 128 8
2017810 128 8
2017815 128 8
2017820 128 8
2017825 128 8
2017830 128 8
2017835 128 8
2017840 128 8
2017845 128 8
2017850 128 8
2017855 128 8
2017860 128 8
2017865 128 8
2017870 128 8
2017875 128 8
2017880 128 8
2017885 128 8
2017890 128 8
2017895 128 8
2017900 128 8
2017905 128 8
2017910 128 8
2017915 128 8
2017920 128 8
2017925 128 8
2017930 128 8
2017935 128 8
2017940 128 8
2017945 128 8
2017950 128 8
2017955 128 8
2017960 128 8
2017965 128 8
2017970 128 8
2017975 128 8
2017980 128 8
2017985 128 8
2017990 128 8
2017995 128 8
2018000 128 8
2018005 128 8
2018010 128 8
2018015 128 8
2018020 128 8
2018025 128 8
2018030 128 8
2018035 128 8
2018040 128 8
2018045 128 8
2018050 128 8
2018055 128 8
2018060 128 8
2018065 128 8
2018070 128 8
2018075 128 8
2018080 128 8
2018085 128 8
2018090 128 8
2018095 128 8
2018100 128 8
2018105 128 8
2018110 128 8
2018115 128 8
2018120 128 8
2018125 128 8
2018130 128 8
2018135 128 8
2018140 128 8
2018145 128 8
2018150 128 8
2018155 128 8
2018160 128 8
2018165 128 8
2018170 128 8
2018175 128 8
2018180 128 8
2018185 128 8
2018190 128 8
2018195 128 8
2018200 128 8
2018205 128 8
2018210 128 8
2018215 128 8
2018220 128 8
2018225 128 8
2018230 128 8
2018235 128 8
2018240 128 8
2018245 128 8
2018250 128 8
2018255 128 8
2018260 128 8
2018265 128 8
2018270 128 8
2018275 128 8
2018280 128 8
2018285 128 8
2018290 128 8
2018295 128 8
2018300 128 8
2018305 128 8
2018310 128 8
2018315 128 8
2018320 128 8
2018325 128 8
2018330 128 8
2018335 128 8
2018340 128 8
2018345 128 8
2018350 128 8
2018355 128 8
2018360 128 8
2018365 128 8
2018370 128 8
2018375 128 8
2018380 128 8
2018385 128 8
2018390 128 8
2018395 128 8
2018400 128 8
2018405 128 8
2018410 128 8
2018415 128 8
2018420 128 8
2018425 128 8
2018430 128 8
2018435 128 8
2018440 128 8
2018445 128 8
2018450 128 8
2018455 128 8
2018460 128 8
2018465 128 8
2018470 128 8
2018475 128 8
2018480 128 8
2018485 128 8
2018490 128 8
2018495 128 8
2018500 128 8
2018505 128 8
2018510 128 8
2018515 128 8
2018520 128 8
2018525 128 8
2018530 128 8
2018535 128 8
2018540 128 8
2018545 128 8
2018550 128 8
2018555 128 8
2018560 128 8
2018565 128 8
2018570 128 8
2018575 128 8
2018580 128 8
2018585 128 8
2018590 128 8
2018595 128 8
2018600 128 8
2018605 128 8
2018610 128 8
2018615 128 8
2018620 128 8
2018625 128 8
2018630 128 8
2018635 128 8
2018640 128 8
2018645 128 8
2018650 128 8
2018655 128 8
2018660 128 8
2018665 128 8
2018670 128 8
2018675 128 8
2018680 128 8
2018685 128 8
2018690 128 8
2018695 128 8
2018700 128 8
2018705 128 8
2018710 128 8
2018715 128 8
2018720 128 8
2018725 128 8
2018730 128 8
2018735 128 8
2018740 128 8
2018745 128 8
2018750 128 8
2018755 128 8
2018760 128 8
2018765 128 8
2018770 128 8
2018775 128 8
2018780 128 8
2018785 128 8
2018790 128 8
2018795 128 8
2018800 128 8
2018805 128 8
2018810 128 8
2018815 128 8
2018820 128 8
2018825 128 8
2018830 128 8
2018835 128 8
2018840 128 8
2018845 128 8
2018850 128 8
2018855 128 8
2018860 128 8
2018865 128 8
2018870 128 8
2018875 128 8
2018880 128 8
2018885 128 8
2018890 128 8
2018895 128 8
2018900 128 8
2018905 128 8
2018910 128 8
2018915 128 8
2018920 128 8
2018925 128 8
2018930 128 8
2018935 128 8
2018940 128 8
2018945 128 8
2018950 128 8
2018955 128 8
2018960 128 8
2018965 128 8
2018970 128 8
2018975 128 8
2018980 128 8
2018985 128 8
2018990 128 8
2018995 128 8
2019000 128 8
2019005 128 8
2019010 128 8
2019015 128 8
2019020 128 8
2019025 128 8
2019030 128 8
2019035 128 8
2019040 128 8
2019045 128 8
2019050 128 8
2019055 128 8
2019060 128 8
2019065 128 8
2019070 128 8
2019075 128 8
2019080 128 8
2019085 128 8
2019090 128 8
2019095 128 8
2019100 128 8
2019105 128 8
2019110 128 8
2019115 128 8
2019120 128 8
2019125 128 8
2019130 128 8
2019135 128 8
2019140 128 8
2019145 128 8
2019150 128 8
2019155 128 8
2019160 128 8
2019165 128 8
2019170 128 8
2019175 128 8
2019180 128 8
2019185 128 8
2019190 128 8
2019195 128 8
2019200 128 8
2019205 128 8
2019210 128 8
2019215 128 8
2019220 128 8
2019225 128 8
2019230 128 8
2019235 128 8
2019240 128 8
2019245 128 8
2019250 128 8
2019255 128 8
2019260 128 8
2019265 128 8
2019270 128 8
2019275 128 8
2019280 128 8
2019285 128 8
2019290 128 8
2019295 128 8
2019300 128 8
2019305 128 8
2019310 128 8
2019315 128 8
2019320 128 8
2019325 128 8
2019330 128 8
2019335 128 8
2019340 128 8
2019345 128 8
2019350 128 8
2019355 128 8
2019360 128 8
2019365 128 8
2019370 128 8
2019375 128 8
2019380 128 8
2019385 128 8
2019390 128 8
2019395 128 8
2019400 128 8
2019405 128 8
2019410 128 8
2019415 128 8
2019420 128 8
2019425 128 8
2019430 128 8
2019435 128 8
2019440 128 8
2019445 128 8
2019450 128 8
2019455 128 8
2019460 128 8
2019465 128 8
2019470 128 8
2019475 128 8
2019480 128 8
2019485 128 8
2019490 128 8
2019495 128 8
2019500 128 8
2019505 128 8
2019510 128 8
2019515 128 8
2019520 128 8
2019525 128 8
2019530 128 8
2019535 128 8
2019540 128 8
2019545 128 8
2019550 128 8
2019555 128 8
2019560 128 8
2019565 128 8
2019570 128 8
2019575 128 8
2019580 128 8
2019585 128 8
2019590 128 8
2019595 128 8
2019600 128 8
2019605 128 8
2019610 128 8
2019615 128 8
2019620 128 8
2019625 128 8
2019630 128 8
2019635 128 8
2019640 128 8
2019645 128 8
2019650 128 8
2019655 128 8
2019660 128 8
2019665 128 8
2019670 128 8
2019675 128 8
2019680 128 8
2019685 128 8
2019690 128 8
2019695 128 8
2019700 128 8
2019705 128 8
2019710 128 8
2019715 128 8
2019720 128 8
2019725 128 8
2019730 128 8
2019735 128 8
2019740 128 8
2019745 128 8
2019750 128 8
2019755 128 8
2019760 128 8
2019765 128 8
2019770 128 8
2019775 128 8
2019780 128 8
2019785 128 8
2019790 128 8
2019795 128 8
2019800 128 8
2019805 128 8
2019810 128 8
2019815 128 8
2019820 128 8
2019825 128 8
2019830 128 8
2019835 128 8
2019840 128 8
2019845 128 8
2019850 128 8
2019855 128 8
2019860 128 8
2019865 128 8
2019870 128 8
2019875 128 8
2019880 128 8
2019885 128 8
2019890 128 8
2019895 128 8
2019900 128 8
2019905 128 8
2019910 128 8
2019915 128 8
2019920 128 8
2019925 128 8
2019930 128 8
2019935 128 8
2019940 128 8
2019945 128 8
2019950 128 8
2019955 128 8
2019960 128 8
2019965 128 8
2019970 128 8
2019975 128 8
2019980 128 8
2019985 128 8
2019990 128 8
2019995 128 8
2020000 128 8
2020005 128 8
2020010 128 8
2020015 128 8
2020020 128 8
2020025 128 8
2020030 128 8
2020035 128 8
2020040 128 8
2020045 128 8
2020050 128 8
2020055 128 8
2020060 128 8
2020065 128 8
2020070 128 8
2020075 128 8
2020080 128 8
2020085 128 8
2020090 128 8
2020095 128 8
2020100 128 8
2020105 128 8
2020110 128 8
2020115 128 8
2020120 128 8
2020125 128 8
2020130 128 8
2020135 128 8
2020140 128 8
2020145 128 8
2020150 128 8
2020155 128 8
2020160 128 8
2020165 128 8
2020170 128 8
2020175 128 8
2020180 128 8
2020185 128 8
2020190 128 8
2020195 128 8
2020200 128 8
2020205 128 8
2020210 128 8
2020215 128 8
2020220 128 8
2020225 128 8
2020230 128 8
2020235 128 8
2020240 128 8
2020245 128 8
2020250 128 8
2020255 128 8
2020260 128 8
2020265 128 8
2020270 128 8
2020275 128 8
2020280 128 8
2020285 128 8
2020290 128 8
2020295 128 8
2020300 128 8
2020305 128 8
2020310 128 8
2020315 128 8
2020320 128 8
2020325 128 8
2020330 128 8
2020335 128 8
2020340 128 8
2020345 128 8
2020350 128 8
2020355 128 8
2020360 128 8
2020365 128 8
2020370 128 8
2020375 128 8
2020380 128 8
2020385 128 8
2020390 128 8
2020395 128 8
2020400 128 8
2020405 128 8
2020410 128 8
2020415 128 8
2020420 128 8
2020425 128 8
2020430 128 8
2020435 128 8
2020440 128 8
2020445 128 8
2020450 128 8
2020455 128 8
2020460 128 8
2020465 128 8
2020470 128 8
2020475 128 8
2020480 128 8
2020485 128 8
2020490 128 8
2020495 128 8
2020500 128 8
2020505 128 8
2020510 128 8
2020515 128 8
2020520 128 8
2020525 128 8
2020530 128 8
2020535 128 8
2020540 128 8
2020545 128 8
2020550 128 8
2020555 128 8
2020560 128 8
2020565 128 8
2020570 128 8
2020575 128 8
2020580 128 8
2020585 128 8
2020590 128 8
2020595 128 8
2020600 128 8
2020605 128 8
2020610 128 8
2020615 128 8
2020620 128 8
2020625 128 8
2020630 128 8
2020635 128 8
2020640 128 8
2020645 128 8
2020650 128 8
2020655 128 8
2020660 128 8
2020665 128 8
2020670 128 8
2020675 128 8
2020680 128 8
2020685 128 8
2020690 128 8
2020695 128 8
2020700 128 8
2020705 128 8
2020710 128 8
2020715 128 8
2020720 128 8
2020725 128 8
2020730 128 8
2020735 128 8
2020740 128 8
2020745 128 8
2020750 128 8
2020755 128 8
2020760 128 8
2020765 128 8
2020770 128 8
2020775 128 8
2020780 128 8
2020785 128 8
2020790 128 8
2020795 128 8
2020800 128 8
2020805 128 8
2020810 128 8
2020815 128 8
2020820 128 8
2020825 128 8
2020830 128 8
2020835 128 8
2020840 128 8
2020845 128 8
2020850 128 8
2020855 128 8
2020860 128 8
2020865 128 8
2020870 128 8
2020875 128 8
2020880 128 8
2020885 128 8
2020890 128 8
2020895 128 8
2020900 128 8
2020905 128 8
2020910 128 8
2020915 128 8
2020920 128 8
2020925 128 8
2020930 128 8
2020935 128 8
2020940 128 8
2020945 128 8
2020950 128 8
2020955 128 8
2020960 128 8
2020965 128 8
2020970 128 8
2020975 128 8
2020980 128 8
2020985 128 8
2020990 128 8
2020995 128 8
2021000 128 8
2021005 128 8
2021010 128 8
2021015 128 8
2021020 128 8
2021025 128 8
2021030 128 8
2021035 128 8
2021040 128 8
2021045 128 8
2021050 128 8
2021055 128 8
2021060 128 8
2021065 128 8
2021070 128 8
2021075 128 8
2021080 128 8
2021085 128 8
2021090 128 8
2021095 128 8
2021100 128 8
2021105 128 8
2021110 128 8
2021115 128 8
2021120 128 8
2021125 128 8
2021130 128 8
2021135 128 8
2021140 128 8
2021145 128 8
2021150 128 8
2021155 128 8
2021160 128 8
2021165 128 8
2021170 128 8
2021175 128 8
2021180 128 8
2021185 128 8
2021190 128 8
2021195 128 8
2021200 128 8
2021205 128 8
2021210 128 8
2021215 128 8
2021220 128 8
2021225 128 8
2021230 128 8
2021235 128 8
2021240 128 8
2021245 128 8
2021250 128 8
2021255 128 8
2021260 128 8
2021265 128 8
2021270 128 8
2021275 128 8
2021280 128 8
2021285 128 8
2021290 128 8
2021295 128 8
2021300 128 8
2021305 128 8
2021310 128 8
2021315 128 8
2021320 128 8
2021325 128 8
2021330 128 8
2021335 128 8
2021340 128 8
2021345 128 8
2021350 128 8
2021355 128 8
2021360 128 8
2021365 128 8
2021370 128 8
2021375 128 8
2021380 128 8
2021385 128 8
2021390 128 8
2021395 128 8
2021400 128 8
2021405 128 8
2021410 128 8
2021415 128 8
2021420 128 8
2021425 128 8
2021430 128 8
2021435 128 8
2021440 128 8
2021445 128 8
2021450 128 8
2021455 128 8
2021460 128 8
2021465 128 8
2021470 128 8
2021475 128 8
2021480 128 8
2021485 128 8
2021490 128 8
2021495 128 8
2021500 128 8
2021505 128 8
2021510 128 8
2021515 128 8
2021520 128 8
2021525 128 8
2021530 128 8
2021535 128 8
2021540 128 8
2021545 128 8
2021550 128 8
2021555 128 8
2021560 128 8
2021565 128 8
2021570 128 8
2021575 128 8
2021580 128 8
2021585 128 8
2021590 128 8
2021595 128 8
2021600 128 8
2021605 128 8
2021610 128 8
2021615 128 8
2021620 128 8
2021625 128 8
2021630 128 8
2021635 128 8
2021640 128 8
2021645 128 8
2021650 128 8
2021655 128 8
2021660 128 8
2021665 128 8
2021670 128 8
2021675 128 8
2021680 128 8
2021685 128 8
2021690 128 8
2021695 128 8
2021700 128 8
2021705 128 8
2021710 128 8
2021715 128 8
2021720 128 8
2021725 128 8
2021730 128 8
2021735 128 8
2021740 128 8
2021745 128 8
2021750 128 8
2021755 128 8
2021760 128 8
2021765 128 8
2021770 128 8
2021775 128 8
2021780 128 8
2021785 128 8
2021790 128 8
2021795 128 8
2021800 128 8
2021805 128 8
2021810 128 8
2021815 128 8
2021820 128 8
2021825 128 8
2021830 128 8
2021835 128 8
2021840 128 8
2021845 128 8
2021850 128 8
2021855 128 8
2021860 128 8
2021865 128 8
2021870 128 8
2021875 128 8
2021880 128 8
2021885 128 8
2021890 128 8
2021895 128 8
2021900 128 8
2021905 128 8
2021910 128 8
2021915 128 8
2021920 128 8
2021925 128 8
2021930 128 8
2021935 128 8
2021940 128 8
2021945 128 8
2021950 128 8
2021955 128 8
2021960 128 8
2021965 128 8
2021970 128 8
2021975 128 8
2021980 128 8
2021985 128 8
2021990 128 8
2021995 128 8
