2000100002 19 17 0 17
2000100002 20 16 0 16
2000100002 26 12 0 12
2000100002 27 19 0 19
2000100002 29 15 0 15
2001000002 19 3 0 3
2001000002 20 4 0 4
2001000002 26 5 0 5
2001000002 27 2 0 2
2001000002 29 6 0 6
2001100002 19 13 0 13
2001100002 20 14 0 14
2001100002 26 11 0 11
2001100002 27 17 0 17
2001100002 29 11 0 11
2002100002 19 10 0 10
2002100002 20 8 0 8
2002100002 26 13 0 13
2002100002 27 20 0 20
2002100002 29 14 0 14
2003200002 19 12 0 12
2003200002 20 5 0 5
2003200002 26 11 0 11
2003200002 27 9 0 9
2003200002 29 9 0 9
2004400002 19 6 0 6
2004400002 20 2 0 2
2004400002 26 3 0 3
2004400002 27 1 0 1
2004400002 29 1 0 1
2004500002 19 4 0 4
2004500002 20 6 0 6
2004500002 26 6 0 6
2004500002 27 6 0 6
2004500002 29 10 0 10
2005700002 19 9 0 9
2005700002 20 3 0 3
2005700002 26 7 0 7
2005700002 27 2 0 2
2005700002 29 6 0 6
2005800002 19 1 0 1
2005800002 20 1 0 1
2006900002 19 4 0 4
2006900002 20 4 0 4
2006900002 26 8 0 8
2006900002 27 4 0 4
2006900002 29 9 0 9
2007000002 19 1 0 1
2008300002 19 2 0 2
2008300002 20 2 0 2
2008300002 26 4 0 4
2008300002 27 9 0 9
2008300002 29 7 0 7
2009600002 19 3 0 3
2009600002 20 3 0 3
2009600002 26 9 0 9
2009600002 27 5 0 5
2009600002 29 8 0 8
2010900002 19 1 0 1
2010900002 20 1 0 1
2010900002 27 1 0 1
2011000002 19 7 0 7
2011000002 20 7 0 7
2011000002 26 5 0 5
2011000002 27 14 0 14
2011000002 29 7 0 7
2012400002 19 1 0 1
2012400002 26 2 0 2
2012400002 29 1 0 1
2012500002 19 2 0 2
2012500002 20 4 0 4
2012500002 26 4 0 4
2012500002 27 2 0 2
2012500002 29 4 0 4
2013700002 19 5 0 5
2013700002 20 4 0 4
2013700002 26 1 0 1
2013700002 27 7 0 7
2013700002 29 3 0 3
2013800002 19 1 0 1
2013800002 20 1 0 1
2013800002 26 3 0 3
2013800002 29 1 0 1
2015000002 19 2 0 2
2015000002 20 3 0 3
2015000002 26 7 0 7
2015000002 27 6 0 6
2015000002 29 3 0 3
2015100002 26 2 0 2
2016300002 19 6 0 6
2016300002 20 9 0 9
2016300002 26 5 0 5
2016300002 27 3 0 3
2016300002 29 3 0 3
2017600002 19 4 0 4
2017600002 20 4 0 4
2017600002 26 7 0 7
2017600002 27 8 0 8
2017600002 29 6 0 6
2017700002 19 2 0 2
2017700002 20 1 0 1
2017700002 26 1 0 1
2017700002 27 1 0 1
2017700002 29 1 0 1
2019100002 19 6 0 6
2019100002 20 1 0 1
2019100002 26 6 0 6
2019100002 27 7 0 7
2019100002 29 2 0 2
2019200002 19 1 0 1
2019200002 20 1 0 1
2019200002 26 2 0 2
2019200002 29 1 0 1
2020200002 19 1 0 1
2020200002 20 1 0 1
2020200002 26 1 0 1
2020300002 19 3 0 3
2020300002 20 3 0 3
2020300002 27 7 0 7
2020300002 29 2 0 2
