SLOWDOWN#1BDP=104000Bytes
#Category,Avg  ,50%  ,95%   ,99%   ,99.9% 
<1BDP,1.000,1.000,1.000,1.000,1.000
>1BDP,1.038,1.036,1.072,1.076,1.077
#
#
#
#
#
#CDF   Size	Avg   50%   95%    99%    99.9% 
#0.050 100	1.000 1.000 1.000 1.000 1.000
#0.100 209715200	1.005 1.005 1.005 1.005 1.005
#0.150 209715200	1.005 1.005 1.005 1.005 1.005
#0.200 209715200	1.007 1.007 1.007 1.007 1.007
#0.250 209715200	1.013 1.013 1.013 1.013 1.013
#0.300 209715200	1.014 1.014 1.014 1.014 1.014
#0.350 209715200	1.021 1.021 1.021 1.021 1.021
#0.400 209715200	1.028 1.028 1.028 1.028 1.028
#0.450 209715200	1.034 1.034 1.034 1.034 1.034
#0.500 209715200	1.036 1.036 1.036 1.036 1.036
#0.550 209715200	1.036 1.036 1.036 1.036 1.036
#0.600 209715200	1.036 1.036 1.036 1.036 1.036
#0.650 209715200	1.037 1.037 1.037 1.037 1.037
#0.700 209715200	1.039 1.039 1.039 1.039 1.039
#0.750 209715200	1.059 1.059 1.059 1.059 1.059
#0.800 209715200	1.066 1.066 1.066 1.066 1.066
#0.850 209715200	1.067 1.067 1.067 1.067 1.067
#0.900 209715200	1.069 1.069 1.069 1.069 1.069
#0.950 209715200	1.071 1.071 1.071 1.071 1.071
#1.000 209715200	1.077 1.077 1.077 1.077 1.077
#
#
#
#
#
ABSOLUTE#1BDP=104000Bytes
#Category,Avg  ,50%  ,95%   ,99%   ,99.9% 
<1BDP,4.166,4.166,4.166,4.166,4.166
>1BDP,18254.258,18224.100,18856.530,18930.906,18947.641
#
#
#
#
#
#CDF  ,Size  ,Avg   ,50%   ,95%    ,99%    ,99.9%   >> scale: us-scale
#0.050 100	4.166 4.166 4.166 4.166 4.166
#0.100 209715200	17668.200 17668.200 17668.200 17668.200 17668.200
#0.150 209715200	17678.000 17678.000 17678.000 17678.000 17678.000
#0.200 209715200	17702.300 17702.300 17702.300 17702.300 17702.300
#0.250 209715200	17817.600 17817.600 17817.600 17817.600 17817.600
#0.300 209715200	17835.300 17835.300 17835.300 17835.300 17835.300
#0.350 209715200	17955.800 17955.800 17955.800 17955.800 17955.800
#0.400 209715200	18075.400 18075.400 18075.400 18075.400 18075.400
#0.450 209715200	18178.700 18178.700 18178.700 18178.700 18178.700
#0.500 209715200	18222.500 18222.500 18222.500 18222.500 18222.500
#0.550 209715200	18224.100 18224.100 18224.100 18224.100 18224.100
#0.600 209715200	18228.200 18228.200 18228.200 18228.200 18228.200
#0.650 209715200	18237.200 18237.200 18237.200 18237.200 18237.200
#0.700 209715200	18269.800 18269.800 18269.800 18269.800 18269.800
#0.750 209715200	18627.600 18627.600 18627.600 18627.600 18627.600
#0.800 209715200	18739.800 18739.800 18739.800 18739.800 18739.800
#0.850 209715200	18769.300 18769.300 18769.300 18769.300 18769.300
#0.900 209715200	18805.400 18805.400 18805.400 18805.400 18805.400
#0.950 209715200	18846.200 18846.200 18846.200 18846.200 18846.200
#1.000 209715200	18949.500 18949.500 18949.500 18949.500 18949.500
#
#EOF