17668.2 1 1 0.0
17678.0 1 2 0.05555555555555555
17702.3 1 3 0.1111111111111111
17817.6 1 4 0.16666666666666666
17835.3 1 5 0.2222222222222222
17955.8 1 6 0.2777777777777778
18075.4 1 7 0.3333333333333333
18178.7 1 8 0.3888888888888889
18222.5 1 9 0.4444444444444444
18224.1 1 10 0.5
18228.2 1 11 0.5555555555555556
18237.2 1 12 0.6111111111111112
18269.8 1 13 0.6666666666666666
18627.6 1 14 0.7222222222222222
18739.8 1 15 0.7777777777777778
18769.3 1 16 0.8333333333333334
18805.4 1 17 0.8888888888888888
18846.2 1 18 0.9444444444444444
18949.5 1 19 1.0
