0 9 10001 101 100 2000000000 4166 4171
100 102 10000 100 209715200 2000000000 17668219 17586685
117 123 10000 100 209715200 2000000000 17678027 17586685
98 101 10000 100 209715200 2000000000 17702347 17586685
13 12 10000 100 209715200 2000000000 17817636 17586685
10 7 10000 100 209715200 2000000000 17835315 17586685
103 99 10000 100 209715200 2000000000 17955798 17586685
66 70 10000 100 209715200 2000000000 18075355 17586685
15 6 10000 100 209715200 2000000000 18178661 17586685
91 86 10000 100 209715200 2000000000 18222519 17586685
77 69 10000 100 209715200 2000000000 18224086 17586685
113 127 10000 100 209715200 2000000000 18228205 17586685
118 94 10000 100 209715200 2000000000 18237182 17590845
111 108 10000 100 209715200 2000000000 18269818 17586685
125 118 10000 100 209715200 2000000000 18627576 17586685
74 64 10000 100 209715200 2000000000 18739819 17586685
73 77 10000 100 209715200 2000000000 18769319 17586685
93 91 10000 100 209715200 2000000000 18805449 17586685
64 125 10000 100 209715200 2000000000 18846219 17590845
63 75 10000 100 209715200 2000000000 18949489 17590845
97 15 10000 100 209715200 2000000000 19709197 17590845
