2000100002 0 50 0 50
2000100002 1 21 2 23
2000100002 2 191 0 191
2000100002 3 21 1 22
2000100002 4 196 1 197
2000100002 5 33 1 34
2000100002 8 71 1 72
2000100002 9 213 1 214
2000100002 10 30 1 31
2000100002 11 33 0 33
2000100002 13 67 2 69
2000100002 14 201 1 202
2000100002 15 162 2 164
2000100002 16 182 2 184
2000100002 17 18 2 20
2000100002 19 36 0 36
2000100002 20 29 2 31
2000100002 21 210 0 210
2000100002 22 16 2 18
2000100002 23 176 2 178
2000100002 24 122 1 123
2000100002 25 30 1 31
2000100002 26 134 1 135
2000100002 27 23 1 24
2000100002 28 81 1 82
2000100002 29 264 2 266
2000100002 30 192 2 194
2000100002 31 129 2 131
2000100002 32 125 1 126
2000100002 33 189 2 191
2000100002 34 38 1 39
2000100002 35 198 2 199
2000100002 36 201 1 202
2000100002 38 108 0 108
2000100002 39 28 2 30
2000100002 40 23 1 24
2000100002 41 190 1 191
2000100002 42 194 2 196
2000100002 43 192 1 193
2000100002 44 105 2 107
2000100002 45 176 1 177
2000100002 46 206 1 207
2000100002 47 196 1 197
2000100002 48 145 1 146
2000100002 49 27 1 28
2000100002 50 177 1 178
2000100002 51 152 1 153
2000100002 52 142 1 143
2000100002 53 185 1 186
2000100002 54 144 2 145
2000100002 55 199 1 200
2000100002 56 28 0 28
2000100002 58 171 1 172
2000100002 59 186 1 187
2000100002 60 146 1 147
2000100002 61 24 2 26
2000100002 62 148 2 150
2000100002 63 175 1 176
2000100002 65 17 1 18
2000100002 66 192 0 192
2000100002 67 178 1 179
2000100002 68 186 2 188
2000100002 71 122 1 123
2000100002 72 148 0 148
2000100002 73 20 2 22
2000100002 74 136 1 137
2000100002 75 120 2 122
2000100002 76 182 1 183
2000100002 78 27 2 29
2000100002 79 180 1 181
2000100002 80 198 1 199
2000100002 81 44 1 45
2000100002 82 14 2 16
2000100002 83 164 0 164
2000100002 84 156 1 157
2000100002 85 118 1 119
2000100002 88 189 2 191
2000100002 89 179 1 180
2000100002 90 195 0 195
2000100002 92 172 2 174
2000100002 95 182 2 184
2000100002 96 182 1 183
2000100002 97 141 1 142
2000100002 98 185 1 186
2000100002 100 156 2 158
2000100002 103 25 1 26
2000100002 104 186 1 187
2000100002 105 33 2 35
2000100002 106 209 1 210
2000100002 107 38 2 40
2000100002 109 139 1 140
2000100002 111 186 2 188
2000100002 112 12 0 12
2000100002 113 178 1 179
2000100002 114 28 0 28
2000100002 115 198 2 200
2000100002 116 19 2 21
2000100002 117 186 1 187
2000100002 119 29 0 29
2000100002 120 36 2 38
2000100002 121 47 1 48
2000100002 122 184 2 186
2000100002 124 22 1 23
2000100002 125 139 2 141
2000100002 126 158 2 160
2000200002 0 0 1 1
2000200002 2 0 1 1
2000200002 3 0 1 1
2000200002 4 28 0 28
2000200002 13 2 0 2
2000200002 14 1 0 1
2000200002 15 2 0 2
2000200002 16 9 0 9
2000200002 19 0 1 1
2000200002 21 1 1 2
2000200002 23 2 0 2
2000200002 24 76 1 77
2000200002 32 1 1 2
2000200002 33 26 0 26
2000200002 34 1 0 1
2000200002 38 1 2 3
2000200002 40 0 1 1
2000200002 41 26 1 27
2000200002 42 24 0 24
2000200002 46 28 0 28
2000200002 48 73 1 74
2000200002 50 63 2 65
2000200002 52 75 0 75
2000200002 53 3 0 3
2000200002 55 16 0 16
2000200002 58 70 0 70
2000200002 63 57 2 59
2000200002 65 1 1 2
2000200002 66 1 0 1
2000200002 68 159 0 159
2000200002 71 91 0 91
2000200002 73 0 1 1
2000200002 74 119 0 119
2000200002 75 94 0 94
2000200002 79 88 1 89
2000200002 80 64 0 64
2000200002 83 58 1 59
2000200002 84 43 0 43
2000200002 88 36 0 36
2000200002 89 15 1 16
2000200002 90 19 0 19
2000200002 96 96 0 96
2000200002 97 87 1 88
2000200002 98 4 0 4
2000200002 103 0 1 1
2000200002 104 4 0 4
2000200002 105 1 0 1
2000200002 106 124 1 125
2000200002 109 93 0 93
2000200002 113 0 1 1
2000200002 122 3 0 3
2000200002 124 0 1 1
2000300002 18 4 0 4
2000300002 77 4 0 4
2000300002 93 2 0 2
2000300002 108 1 0 1
2000300002 110 1 0 1
2000300002 118 4 0 4
2000400002 56 1 0 1
2000400002 57 2 0 2
2000400002 60 1 0 1
2000500002 10 145 0 145
2000500002 18 1 0 1
2000500002 19 2 0 2
2000500002 23 15 0 15
2000500002 26 16 0 16
2000500002 29 2 0 2
2000500002 31 21 0 21
2000500002 32 15 0 15
2000500002 37 31 2 33
2000500002 38 13 0 13
2000500002 42 135 0 135
2000500002 43 1 0 1
2000500002 44 20 0 20
2000500002 51 1 0 1
2000500002 54 3 0 3
2000500002 56 111 0 111
2000500002 57 23 2 25
2000500002 60 82 0 82
2000500002 62 1 0 1
2000500002 66 1 0 1
2000500002 72 28 0 28
2000500002 76 27 0 27
2000500002 78 22 0 22
2000500002 82 14 0 14
2000500002 85 18 0 18
2000500002 87 16 2 18
2000500002 92 9 0 9
2000500002 119 88 0 88
2000500002 126 1 0 1
2000600002 1 24 0 24
2000600002 4 21 0 21
2000600002 5 36 0 36
2000600002 9 2 0 2
2000600002 10 8 0 8
2000600002 11 21 0 21
2000600002 14 20 0 20
2000600002 18 7 0 7
2000600002 19 33 0 33
2000600002 20 13 0 13
2000600002 21 28 0 28
2000600002 22 30 0 30
2000600002 23 14 0 14
2000600002 25 2 0 2
2000600002 26 12 0 12
2000600002 27 35 0 35
2000600002 28 2 0 2
2000600002 29 16 0 16
2000600002 31 18 0 18
2000600002 32 2 0 2
2000600002 34 23 0 23
2000600002 41 29 0 29
2000600002 42 19 2 21
2000600002 43 26 0 26
2000600002 44 1 0 1
2000600002 48 15 0 15
2000600002 50 20 0 20
2000600002 51 18 0 18
2000600002 52 2 0 2
2000600002 54 28 0 28
2000600002 55 149 0 149
2000600002 56 7 3 9
2000600002 58 137 0 137
2000600002 59 15 0 15
2000600002 60 1 4 5
2000600002 61 36 0 36
2000600002 62 31 0 31
2000600002 63 139 0 139
2000600002 65 24 0 24
2000600002 66 21 0 21
2000600002 68 26 0 26
2000600002 72 13 0 13
2000600002 74 131 0 131
2000600002 76 14 0 14
2000600002 78 9 0 9
2000600002 79 21 0 21
2000600002 81 26 0 26
2000600002 82 13 0 13
2000600002 85 9 0 9
2000600002 87 1 0 1
2000600002 88 23 0 23
2000600002 89 25 0 25
2000600002 90 2 0 2
2000600002 92 26 0 26
2000600002 93 14 0 14
2000600002 95 11 0 11
2000600002 96 38 0 38
2000600002 97 21 0 21
2000600002 98 7 0 7
2000600002 100 41 0 41
2000600002 103 14 0 14
2000600002 104 24 0 24
2000600002 105 11 0 11
2000600002 106 20 0 20
2000600002 109 1 0 1
2000600002 110 19 0 19
2000600002 112 29 0 29
2000600002 113 28 0 28
2000600002 114 32 0 32
2000600002 117 16 0 16
2000600002 119 6 3 9
2000600002 126 19 0 19
2000700002 2 7 0 7
2000700002 9 1 0 1
2000700002 11 1 0 1
2000700002 14 1 0 1
2000700002 20 11 0 11
2000700002 24 1 0 1
2000700002 25 2 0 2
2000700002 28 1 0 1
2000700002 46 1 0 1
2000700002 48 2 0 2
2000700002 55 6 0 6
2000700002 58 9 2 11
2000700002 59 2 0 2
2000700002 63 4 3 7
2000700002 68 14 0 14
2000700002 74 11 2 13
2000700002 79 1 0 1
2000700002 81 3 0 3
2000700002 88 3 0 3
2000700002 90 1 0 1
2000700002 91 3 0 3
2000700002 93 8 0 8
2000700002 95 3 0 3
2000700002 100 1 0 1
2000700002 111 1 0 1
2000700002 117 15 0 15
2000800002 0 37 0 37
2000800002 3 54 0 54
2000800002 8 48 0 48
2000800002 13 57 0 57
2000800002 16 15 0 15
2000800002 17 48 0 48
2000800002 24 2 0 2
2000800002 30 51 0 51
2000800002 33 44 0 44
2000800002 35 44 0 44
2000800002 36 54 0 54
2000800002 39 71 0 71
2000800002 42 0 2 2
2000800002 45 35 0 35
2000800002 46 16 0 16
2000800002 47 46 0 46
2000800002 49 38 0 38
2000800002 67 58 0 58
2000800002 71 7 0 7
2000800002 73 14 0 14
2000800002 74 0 4 4
2000800002 80 3 0 3
2000800002 84 7 0 7
2000800002 107 26 0 26
2000800002 111 14 0 14
2000800002 115 58 0 58
2000800002 116 80 0 80
2000800002 119 0 2 2
2000800002 120 34 0 34
2000800002 121 51 0 51
2000800002 122 43 0 43
2000800002 124 46 0 46
2000900002 0 9 0 9
2000900002 3 11 0 11
2000900002 8 7 0 7
2000900002 13 2 0 2
2000900002 16 21 0 21
2000900002 30 33 0 33
2000900002 33 13 0 13
2000900002 35 23 0 23
2000900002 39 14 0 14
2000900002 45 10 0 10
2000900002 64 2 0 2
2000900002 67 13 0 13
2000900002 71 54 0 54
2000900002 73 16 0 16
2000900002 74 0 2 2
2000900002 80 14 0 14
2000900002 84 45 0 45
2000900002 90 9 0 9
2000900002 107 1 0 1
2000900002 116 18 0 18
2000900002 120 4 0 4
2000900002 121 7 0 7
2000900002 122 6 0 6
2000900002 124 12 0 12
2001000002 4 2 0 2
2001000002 18 39 0 39
2001000002 21 6 0 6
2001000002 23 4 0 4
2001000002 24 9 0 9
2001000002 26 9 0 9
2001000002 29 32 0 32
2001000002 31 5 0 5
2001000002 40 3 0 3
2001000002 51 6 0 6
2001000002 52 1 0 1
2001000002 53 18 0 18
2001000002 54 26 0 26
2001000002 56 6 0 6
2001000002 58 0 4 4
2001000002 61 5 0 5
2001000002 62 8 0 8
2001000002 66 14 0 14
2001000002 72 5 0 5
2001000002 74 0 1 1
2001000002 76 15 0 15
2001000002 78 9 0 9
2001000002 80 8 0 8
2001000002 83 13 0 13
2001000002 87 8 0 8
2001000002 90 8 0 8
2001000002 92 25 0 25
2001000002 97 4 0 4
2001000002 98 12 0 12
2001000002 103 12 0 12
2001000002 110 11 0 11
2001100002 4 3 0 3
2001100002 18 32 0 32
2001100002 21 16 0 16
2001100002 23 8 0 8
2001100002 24 10 0 10
2001100002 26 5 0 5
2001100002 29 20 0 20
2001100002 31 10 0 10
2001100002 40 3 0 3
2001100002 51 16 0 16
2001100002 52 4 0 4
2001100002 54 10 0 10
2001100002 56 5 0 5
2001100002 58 1 2 3
2001100002 61 9 0 9
2001100002 62 9 0 9
2001100002 66 3 0 3
2001100002 72 4 0 4
2001100002 74 0 1 1
2001100002 76 3 0 3
2001100002 78 7 0 7
2001100002 80 4 0 4
2001100002 83 14 0 14
2001100002 87 8 0 8
2001100002 90 6 0 6
2001100002 92 8 0 8
2001100002 97 16 0 16
2001100002 103 24 0 24
2001100002 110 16 0 16
2001200002 3 29 0 29
2001200002 33 24 0 24
2001200002 37 26 0 26
2001200002 45 19 0 19
2001200002 63 11 0 11
2001200002 74 0 1 1
2001200002 113 4 0 4
2001200002 114 5 0 5
2001200002 119 7 0 7
2001200002 126 8 0 8
2001300002 1 3 0 3
2001300002 3 37 0 37
2001300002 4 1 0 1
2001300002 5 2 0 2
2001300002 11 13 0 13
2001300002 14 13 0 13
2001300002 19 17 0 17
2001300002 20 1 0 1
2001300002 22 20 0 20
2001300002 25 8 0 8
2001300002 27 19 0 19
2001300002 33 40 0 40
2001300002 34 24 0 24
2001300002 37 114 0 114
2001300002 41 26 0 26
2001300002 42 1 0 1
2001300002 43 23 0 23
2001300002 45 46 0 46
2001300002 50 9 0 9
2001300002 58 0 4 4
2001300002 63 20 0 20
2001300002 68 2 0 2
2001300002 74 0 1 1
2001300002 79 13 0 13
2001300002 81 10 0 10
2001300002 88 10 0 10
2001300002 89 24 0 24
2001300002 96 8 0 8
2001300002 100 4 0 4
2001300002 104 21 0 21
2001300002 106 20 0 20
2001300002 112 10 0 10
2001300002 113 37 0 37
2001300002 114 42 0 42
2001300002 119 28 0 28
2001300002 126 31 0 31
2001400002 1 19 0 19
2001400002 4 9 0 9
2001400002 5 16 0 16
2001400002 11 31 0 31
2001400002 14 34 0 34
2001400002 19 20 0 20
2001400002 20 26 0 26
2001400002 22 17 0 17
2001400002 25 24 0 24
2001400002 27 18 0 18
2001400002 34 14 0 14
2001400002 41 10 0 10
2001400002 42 10 0 10
2001400002 43 9 0 9
2001400002 50 29 0 29
2001400002 57 3 0 3
2001400002 58 0 2 2
2001400002 60 25 0 25
2001400002 61 5 0 5
2001400002 65 14 0 14
2001400002 68 32 0 32
2001400002 79 31 0 31
2001400002 80 1 0 1
2001400002 81 23 0 23
2001400002 88 27 0 27
2001400002 89 16 0 16
2001400002 93 5 0 5
2001400002 95 5 0 5
2001400002 96 21 0 21
2001400002 100 33 0 33
2001400002 104 9 0 9
2001400002 105 9 0 9
2001400002 106 17 0 17
2001400002 112 30 0 30
2001400002 113 7 0 7
2001400002 114 3 0 3
2001400002 117 24 0 24
2001500002 1 2 0 2
2001500002 2 1 0 1
2001500002 8 2 0 2
2001500002 9 1 0 1
2001500002 13 3 0 3
2001500002 17 9 0 9
2001500002 35 2 0 2
2001500002 36 7 0 7
2001500002 39 3 0 3
2001500002 46 2 0 2
2001500002 47 23 0 23
2001500002 49 2 0 2
2001500002 58 0 2 2
2001500002 61 8 0 8
2001500002 65 16 0 16
2001500002 67 2 0 2
2001500002 72 2 0 2
2001500002 85 11 0 11
2001500002 90 5 0 5
2001500002 93 22 0 22
2001500002 95 13 0 13
2001500002 105 14 0 14
2001500002 107 25 0 25
2001500002 109 8 0 8
2001500002 115 20 0 20
2001500002 116 1 0 1
2001500002 117 2 0 2
2001500002 121 10 0 10
2001500002 122 8 0 8
2001500002 124 3 0 3
2001600002 2 8 0 8
2001600002 8 33 0 33
2001600002 9 3 0 3
2001600002 13 30 0 30
2001600002 16 24 0 24
2001600002 17 43 0 43
2001600002 30 45 0 45
2001600002 35 36 0 36
2001600002 36 40 0 40
2001600002 39 31 0 31
2001600002 46 18 0 18
2001600002 47 25 0 25
2001600002 48 22 0 22
2001600002 49 17 0 17
2001600002 54 12 0 12
2001600002 58 1 2 3
2001600002 59 17 0 17
2001600002 67 50 0 50
2001600002 71 23 0 23
2001600002 72 6 0 6
2001600002 73 21 0 21
2001600002 74 0 3 3
2001600002 82 20 0 20
2001600002 84 24 0 24
2001600002 85 43 0 43
2001600002 90 10 0 10
2001600002 92 6 0 6
2001600002 107 33 0 33
2001600002 109 15 0 15
2001600002 115 22 0 22
2001600002 116 60 0 60
2001600002 120 18 0 18
2001600002 121 31 0 31
2001600002 122 32 0 32
2001600002 124 35 0 35
2001600002 127 3 0 3
2001700002 2 3 0 3
2001700002 9 5 0 5
2001700002 16 14 0 14
2001700002 30 16 0 16
2001700002 48 5 0 5
2001700002 54 6 0 6
2001700002 57 21 0 21
2001700002 59 7 0 7
2001700002 67 10 0 10
2001700002 71 13 0 13
2001700002 73 19 0 19
2001700002 80 10 0 10
2001700002 82 4 0 4
2001700002 84 7 0 7
2001700002 85 3 0 3
2001700002 92 5 0 5
2001700002 116 13 0 13
2001700002 120 5 0 5
2001800002 18 16 0 16
2001800002 24 21 0 21
2001800002 29 7 0 7
2001800002 53 13 0 13
2001800002 57 44 0 44
2001800002 80 54 0 54
2001800002 87 19 0 19
2001800002 90 15 0 15
2001800002 98 11 0 11
2001900002 18 23 0 23
2001900002 21 1 0 1
2001900002 23 1 0 1
2001900002 24 18 0 18
2001900002 26 1 0 1
2001900002 29 12 0 12
2001900002 31 3 0 3
2001900002 51 1 0 1
2001900002 53 5 0 5
2001900002 61 1 0 1
2001900002 62 3 0 3
2001900002 74 2 0 2
2001900002 80 6 0 6
2001900002 87 5 0 5
2001900002 90 3 0 3
2001900002 93 3 0 3
2001900002 98 4 0 4
2001900002 103 2 0 2
2002000002 3 7 0 7
2002000002 21 14 0 14
2002000002 23 14 0 14
2002000002 26 9 0 9
2002000002 31 13 0 13
2002000002 33 18 0 18
2002000002 37 27 0 27
2002000002 40 13 0 13
2002000002 45 16 0 16
2002000002 49 29 0 29
2002000002 51 14 0 14
2002000002 52 21 0 21
2002000002 56 10 0 10
2002000002 58 25 0 25
2002000002 61 11 0 11
2002000002 62 9 0 9
2002000002 63 2 0 2
2002000002 66 5 0 5
2002000002 70 2 0 2
2002000002 74 29 0 29
2002000002 93 61 0 61
2002000002 97 30 0 30
2002000002 103 2 0 2
2002100002 3 17 0 17
2002100002 11 1 0 1
2002100002 21 2 0 2
2002100002 23 2 0 2
2002100002 26 3 0 3
2002100002 31 2 0 2
2002100002 33 22 0 22
2002100002 34 1 0 1
2002100002 37 53 0 53
2002100002 40 1 0 1
2002100002 41 2 0 2
2002100002 45 26 0 26
2002100002 49 36 0 36
2002100002 51 2 0 2
2002100002 52 30 0 30
2002100002 56 10 0 10
2002100002 58 20 0 20
2002100002 61 5 0 5
2002100002 62 4 0 4
2002100002 63 4 0 4
2002100002 66 5 0 5
2002100002 74 8 0 8
2002100002 76 1 0 1
2002100002 78 1 0 1
2002100002 83 1 0 1
2002100002 88 1 0 1
2002100002 89 2 0 2
2002100002 93 5 0 5
2002100002 97 17 0 17
2002100002 103 12 0 12
2002100002 104 5 0 5
2002100002 106 2 0 2
2002100002 110 13 0 13
2002100002 113 19 0 19
2002100002 114 21 0 21
2002100002 119 12 0 12
2002100002 126 13 0 13
2002200002 4 8 0 8
2002200002 11 26 0 26
2002200002 14 6 0 6
2002200002 19 11 0 11
2002200002 20 6 0 6
2002200002 22 12 0 12
2002200002 27 9 0 9
2002200002 34 9 0 9
2002200002 41 12 0 12
2002200002 43 9 0 9
2002200002 50 4 0 4
2002200002 66 14 0 14
2002200002 68 12 0 12
2002200002 72 10 0 10
2002200002 76 13 0 13
2002200002 78 13 0 13
2002200002 79 2 0 2
2002200002 81 19 0 19
2002200002 83 17 0 17
2002200002 88 16 0 16
2002200002 89 11 0 11
2002200002 100 2 0 2
2002200002 104 15 0 15
2002200002 106 14 0 14
2002200002 112 1 0 1
2002200002 113 4 0 4
2002200002 114 11 0 11
2002200002 117 8 0 8
2002200002 119 5 0 5
2002200002 126 8 0 8
2002300002 1 9 0 9
2002300002 4 8 0 8
2002300002 5 11 0 11
2002300002 11 1 0 1
2002300002 14 12 0 12
2002300002 19 12 0 12
2002300002 20 13 0 13
2002300002 22 4 0 4
2002300002 25 4 0 4
2002300002 27 7 0 7
2002300002 34 5 0 5
2002300002 41 7 0 7
2002300002 42 3 0 3
2002300002 43 2 0 2
2002300002 50 12 0 12
2002300002 60 3 0 3
2002300002 66 1 0 1
2002300002 68 8 0 8
2002300002 72 3 0 3
2002300002 78 2 0 2
2002300002 79 6 0 6
2002300002 83 2 0 2
2002300002 96 4 0 4
2002300002 100 10 0 10
2002300002 112 16 0 16
2002300002 117 9 0 9
2002400002 1 7 0 7
2002400002 4 3 0 3
2002400002 5 4 0 4
2002400002 25 7 0 7
2002400002 35 4 0 4
2002400002 42 4 0 4
2002400002 47 13 0 13
2002400002 60 14 0 14
2002400002 77 7 0 7
2002400002 115 13 0 13
2002400002 121 4 0 4
2002400002 122 6 0 6
2002400002 124 2 0 2
2002500002 13 7 0 7
2002500002 35 12 0 12
2002500002 39 9 0 9
2002500002 42 2 0 2
2002500002 47 7 0 7
2002500002 48 10 0 10
2002500002 54 4 0 4
2002500002 59 9 0 9
2002500002 67 3 0 3
2002500002 71 16 0 16
2002500002 73 1 0 1
2002500002 77 6 0 6
2002500002 84 11 0 11
2002500002 87 1 0 1
2002500002 107 12 0 12
2002500002 111 11 0 11
2002500002 115 1 0 1
2002500002 121 11 0 11
2002500002 122 7 0 7
2002500002 124 11 0 11
2002600002 0 14 0 14
2002600002 3 11 0 11
2002600002 13 8 0 8
2002600002 15 21 0 21
2002600002 17 2 0 2
2002600002 36 15 0 15
2002600002 39 4 0 4
2002600002 48 6 0 6
2002600002 54 8 0 8
2002600002 59 10 0 10
2002600002 67 8 0 8
2002600002 71 2 0 2
2002600002 73 4 0 4
2002600002 80 29 0 29
2002600002 82 6 0 6
2002600002 84 5 0 5
2002600002 85 12 0 12
2002600002 87 27 0 27
2002600002 90 19 0 19
2002600002 92 9 0 9
2002600002 107 2 0 2
2002600002 111 2 0 2
2002600002 116 2 0 2
2002600002 120 1 0 1
2002700002 0 3 0 3
2002700002 2 4 0 4
2002700002 3 5 0 5
2002700002 8 17 0 17
2002700002 9 3 0 3
2002700002 15 13 0 13
2002700002 16 15 0 15
2002700002 17 27 0 27
2002700002 30 31 0 31
2002700002 36 1 0 1
2002700002 61 2 0 2
2002700002 65 4 0 4
2002700002 67 11 0 11
2002700002 73 5 0 5
2002700002 80 5 0 5
2002700002 82 16 0 16
2002700002 85 16 0 16
2002700002 87 5 0 5
2002700002 90 6 0 6
2002700002 92 4 0 4
2002700002 105 3 0 3
2002700002 116 48 0 48
2002700002 120 28 0 28
2002800002 2 9 0 9
2002800002 8 4 0 4
2002800002 9 16 0 16
2002800002 16 14 0 14
2002800002 30 16 0 16
2002800002 33 1 0 1
2002800002 45 1 0 1
2002800002 61 8 0 8
2002800002 64 4 0 4
2002800002 65 14 0 14
2002800002 91 4 0 4
2002800002 93 2 0 2
2002800002 97 1 0 1
2002800002 105 19 0 19
2002800002 116 1 0 1
2002800002 120 4 0 4
2002900002 18 12 0 12
2002900002 24 8 0 8
2002900002 29 12 0 12
2002900002 33 5 0 5
2002900002 37 18 0 18
2002900002 45 9 0 9
2002900002 53 14 0 14
2002900002 58 13 0 13
2002900002 64 12 0 12
2002900002 74 8 0 8
2002900002 91 7 0 7
2002900002 93 14 0 14
2002900002 97 14 0 14
2002900002 98 6 0 6
2003000002 18 10 0 10
2003000002 24 15 0 15
2003000002 29 7 0 7
2003000002 33 2 0 2
2003000002 37 6 0 6
2003000002 45 7 0 7
2003000002 53 5 0 5
2003000002 58 2 0 2
2003000002 74 4 0 4
2003000002 75 3 0 3
2003000002 93 10 0 10
2003000002 97 7 0 7
2003000002 98 2 0 2
2003100002 26 1 0 1
2003100002 49 27 0 27
2003100002 51 5 0 5
2003100002 52 15 0 15
2003100002 56 1 0 1
2003100002 58 9 0 9
2003100002 61 2 0 2
2003100002 75 14 0 14
2003100002 113 4 0 4
2003200002 21 4 0 4
2003200002 23 6 0 6
2003200002 26 14 0 14
2003200002 49 1 0 1
2003200002 51 12 0 12
2003200002 52 1 0 1
2003200002 56 7 0 7
2003200002 61 7 0 7
2003200002 62 6 0 6
2003200002 75 2 0 2
2003200002 81 2 0 2
2003200002 83 5 0 5
2003200002 88 2 0 2
2003200002 89 7 0 7
2003200002 104 2 0 2
2003200002 106 9 0 9
2003200002 113 20 0 20
2003200002 114 19 0 19
2003200002 119 13 0 13
2003200002 126 10 0 10
2003300002 11 20 0 20
2003300002 20 4 0 4
2003300002 21 3 0 3
2003300002 26 3 0 3
2003300002 31 3 0 3
2003300002 32 3 0 3
2003300002 34 4 0 4
2003300002 41 3 0 3
2003300002 43 2 0 2
2003300002 44 5 0 5
2003300002 51 4 0 4
2003300002 56 1 0 1
2003300002 61 2 0 2
2003300002 66 1 0 1
2003300002 68 2 0 2
2003300002 81 12 0 12
2003300002 83 26 0 26
2003300002 88 22 0 22
2003300002 89 21 0 21
2003300002 104 10 0 10
2003300002 106 7 0 7
2003300002 113 2 0 2
2003300002 114 1 0 1
2003300002 117 2 0 2
2003300002 119 2 0 2
2003300002 126 3 0 3
2003400002 1 1 0 1
2003400002 5 4 0 4
2003400002 11 2 0 2
2003400002 14 2 0 2
2003400002 19 12 0 12
2003400002 20 15 0 15
2003400002 22 4 0 4
2003400002 25 1 0 1
2003400002 27 7 0 7
2003400002 32 7 0 7
2003400002 34 9 0 9
2003400002 40 6 0 6
2003400002 41 9 0 9
2003400002 42 2 0 2
2003400002 43 13 0 13
2003400002 44 6 0 6
2003400002 47 1 0 1
2003400002 50 5 0 5
2003400002 57 6 0 6
2003400002 60 2 0 2
2003400002 66 7 0 7
2003400002 68 13 0 13
2003400002 72 3 0 3
2003400002 76 7 0 7
2003400002 78 7 0 7
2003400002 79 2 0 2
2003400002 80 2 0 2
2003400002 88 1 0 1
2003400002 96 5 0 5
2003400002 100 2 0 2
2003400002 112 10 0 10
2003400002 115 1 0 1
2003400002 117 15 0 15
2003500002 1 14 0 14
2003500002 4 8 0 8
2003500002 5 12 0 12
2003500002 14 11 0 11
2003500002 19 7 0 7
2003500002 22 6 0 6
2003500002 25 20 0 20
2003500002 27 6 0 6
2003500002 40 3 0 3
2003500002 42 9 0 9
2003500002 47 12 0 12
2003500002 50 9 0 9
2003500002 57 21 0 21
2003500002 60 14 0 14
2003500002 66 12 0 12
2003500002 72 2 0 2
2003500002 76 4 0 4
2003500002 78 6 0 6
2003500002 79 10 0 10
2003500002 80 15 0 15
2003500002 96 2 0 2
2003500002 100 6 0 6
2003500002 112 5 0 5
2003500002 115 16 0 16
2003500002 121 1 0 1
2003600002 35 4 0 4
2003600002 38 3 0 3
2003600002 47 2 0 2
2003600002 121 3 0 3
2003600002 122 11 0 11
2003600002 124 6 0 6
2003700002 35 6 0 6
2003700002 38 3 0 3
2003700002 47 3 0 3
2003700002 48 2 0 2
2003700002 54 3 0 3
2003700002 59 10 0 10
2003700002 82 6 0 6
2003700002 85 9 0 9
2003700002 92 1 0 1
2003700002 121 2 0 2
2003700002 122 5 0 5
2003700002 124 14 0 14
2003800002 0 5 0 5
2003800002 3 3 0 3
2003800002 13 2 0 2
2003800002 36 9 0 9
2003800002 39 4 0 4
2003800002 48 3 0 3
2003800002 54 3 0 3
2003800002 59 7 0 7
2003800002 67 6 0 6
2003800002 71 11 0 11
2003800002 82 9 0 9
2003800002 84 8 0 8
2003800002 85 9 0 9
2003800002 92 8 0 8
2003800002 97 6 0 6
2003800002 103 1 0 1
2003800002 110 11 0 11
2003900002 0 13 0 13
2003900002 3 4 0 4
2003900002 8 11 0 11
2003900002 13 15 0 15
2003900002 17 12 0 12
2003900002 30 7 0 7
2003900002 36 8 0 8
2003900002 39 9 0 9
2003900002 49 3 0 3
2003900002 52 2 0 2
2003900002 58 1 0 1
2003900002 59 1 0 1
2003900002 67 3 0 3
2003900002 71 1 0 1
2003900002 84 4 0 4
2003900002 97 2 0 2
2003900002 103 3 0 3
2003900002 107 12 0 12
2003900002 110 5 0 5
2003900002 111 10 0 10
2003900002 116 9 0 9
2004000002 8 2 0 2
2004000002 16 16 0 16
2004000002 17 5 0 5
2004000002 18 7 0 7
2004000002 24 10 0 10
2004000002 30 15 0 15
2004000002 33 1 0 1
2004000002 37 1 0 1
2004000002 49 8 0 8
2004000002 52 5 0 5
2004000002 58 6 0 6
2004000002 107 1 0 1
2004000002 108 4 0 4
2004000002 111 3 0 3
2004000002 116 4 0 4
2004100002 9 1 0 1
2004100002 16 1 0 1
2004100002 18 14 0 14
2004100002 24 10 0 10
2004100002 29 8 0 8
2004100002 30 3 0 3
2004100002 33 9 0 9
2004100002 37 10 0 10
2004100002 45 11 0 11
2004100002 49 6 0 6
2004100002 52 1 0 1
2004100002 58 5 0 5
2004100002 61 2 0 2
2004100002 65 4 0 4
2004100002 67 5 0 5
2004100002 73 3 0 3
2004100002 77 13 0 13
2004100002 80 8 0 8
2004100002 87 15 0 15
2004100002 90 12 0 12
2004100002 105 3 0 3
2004100002 108 2 0 2
2004100002 109 7 0 7
2004100002 116 1 0 1
2004100002 120 6 0 6
2004200002 2 7 0 7
2004200002 9 10 0 10
2004200002 33 4 0 4
2004200002 37 4 0 4
2004200002 45 5 0 5
2004200002 53 4 0 4
2004200002 61 7 0 7
2004200002 65 11 0 11
2004200002 72 1 0 1
2004200002 80 3 0 3
2004200002 87 3 0 3
2004200002 90 3 0 3
2004200002 98 2 0 2
2004200002 105 7 0 7
2004200002 109 2 0 2
2004300002 2 6 0 6
2004300002 9 7 0 7
2004300002 21 3 0 3
2004300002 23 3 0 3
2004300002 26 6 0 6
2004300002 31 2 0 2
2004300002 53 8 0 8
2004300002 91 3 0 3
2004300002 98 7 0 7
2004300002 113 11 0 11
2004300002 114 5 0 5
2004300002 119 8 0 8
2004300002 126 4 0 4
2004400002 21 10 0 10
2004400002 23 5 0 5
2004400002 26 10 0 10
2004400002 31 5 0 5
2004400002 91 6 0 6
2004400002 96 5 0 5
2004400002 98 4 0 4
2004400002 100 2 0 2
2004400002 113 6 0 6
2004400002 114 7 0 7
2004400002 119 2 0 2
2004400002 126 5 0 5
2004500002 51 2 0 2
2004500002 56 3 0 3
2004500002 61 2 0 2
2004500002 62 2 0 2
2004500002 64 9 0 9
2004500002 89 3 0 3
2004500002 98 1 0 1
2004500002 104 2 0 2
2004500002 106 4 0 4
2004600002 11 10 0 10
2004600002 34 1 0 1
2004600002 41 2 0 2
2004600002 43 1 0 1
2004600002 51 6 0 6
2004600002 56 5 0 5
2004600002 61 4 0 4
2004600002 62 5 0 5
2004600002 64 1 0 1
2004600002 72 1 0 1
2004600002 78 1 0 1
2004600002 81 9 0 9
2004600002 88 5 0 5
2004600002 89 12 0 12
2004600002 104 10 0 10
2004600002 106 2 0 2
2004700002 4 2 0 2
2004700002 11 7 0 7
2004700002 14 2 0 2
2004700002 20 4 0 4
2004700002 34 11 0 11
2004700002 40 4 0 4
2004700002 41 10 0 10
2004700002 43 5 0 5
2004700002 50 6 0 6
2004700002 51 6 0 6
2004700002 56 1 0 1
2004700002 58 3 0 3
2004700002 61 1 0 1
2004700002 62 4 0 4
2004700002 66 7 0 7
2004700002 68 5 0 5
2004700002 72 3 0 3
2004700002 74 4 0 4
2004700002 76 3 0 3
2004700002 78 2 0 2
2004700002 79 2 0 2
2004700002 81 6 0 6
2004700002 83 7 0 7
2004700002 88 9 0 9
2004700002 89 2 0 2
2004700002 93 6 0 6
2004700002 97 6 0 6
2004700002 117 4 0 4
2004800002 4 4 0 4
2004800002 14 6 0 6
2004800002 15 1 0 1
2004800002 19 6 0 6
2004800002 20 14 0 14
2004800002 22 4 0 4
2004800002 25 2 0 2
2004800002 27 4 0 4
2004800002 34 3 0 3
2004800002 40 6 0 6
2004800002 41 2 0 2
2004800002 43 3 0 3
2004800002 47 11 0 11
2004800002 50 3 0 3
2004800002 58 8 0 8
2004800002 66 13 0 13
2004800002 68 9 0 9
2004800002 72 2 0 2
2004800002 74 6 0 6
2004800002 75 8 0 8
2004800002 76 7 0 7
2004800002 78 10 0 10
2004800002 79 6 0 6
2004800002 82 6 0 6
2004800002 83 8 0 8
2004800002 85 7 0 7
2004800002 92 1 0 1
2004800002 93 14 0 14
2004800002 97 4 0 4
2004800002 115 11 0 11
2004800002 117 9 0 9
2004900002 1 10 0 10
2004900002 4 10 0 10
2004900002 5 6 0 6
2004900002 15 21 0 21
2004900002 19 5 0 5
2004900002 22 12 0 12
2004900002 25 13 0 13
2004900002 27 8 0 8
2004900002 42 7 0 7
2004900002 48 1 0 1
2004900002 60 6 0 6
2004900002 68 1 0 1
2004900002 82 9 0 9
2004900002 85 8 0 8
2004900002 92 3 0 3
2004900002 116 2 0 2
2004900002 117 2 0 2
2004900002 120 2 0 2
2004900002 121 4 0 4
2004900002 122 1 0 1
2005000002 1 6 0 6
2005000002 4 2 0 2
2005000002 5 2 0 2
2005000002 15 3 0 3
2005000002 25 3 0 3
2005000002 35 4 0 4
2005000002 42 1 0 1
2005000002 48 3 0 3
2005000002 54 5 0 5
2005000002 59 7 0 7
2005000002 60 2 0 2
2005000002 71 3 0 3
2005000002 84 4 0 4
2005000002 96 4 0 4
2005000002 100 4 0 4
2005000002 112 5 0 5
2005000002 116 8 0 8
2005000002 120 7 0 7
2005000002 121 14 0 14
2005000002 122 12 0 12
2005000002 124 5 0 5
2005000002 127 5 0 5
2005100002 0 5 0 5
2005100002 3 3 0 3
2005100002 32 2 0 2
2005100002 35 10 0 10
2005100002 44 2 0 2
2005100002 48 5 0 5
2005100002 54 2 0 2
2005100002 59 14 0 14
2005100002 67 1 0 1
2005100002 71 4 0 4
2005100002 73 2 0 2
2005100002 84 5 0 5
2005100002 96 4 0 4
2005100002 100 2 0 2
2005100002 112 3 0 3
2005100002 124 7 0 7
2005100002 127 3 0 3
2005200002 0 5 0 5
2005200002 3 2 0 2
2005200002 13 5 0 5
2005200002 18 7 0 7
2005200002 24 2 0 2
2005200002 29 2 0 2
2005200002 32 7 0 7
2005200002 36 1 0 1
2005200002 39 6 0 6
2005200002 44 5 0 5
2005200002 57 4 0 4
2005200002 67 6 0 6
2005200002 71 1 0 1
2005200002 73 8 0 8
2005200002 80 1 0 1
2005200002 97 2 0 2
2005200002 103 3 0 3
2005200002 110 6 0 6
2005300002 13 5 0 5
2005300002 18 7 0 7
2005300002 24 6 0 6
2005300002 29 5 0 5
2005300002 32 3 0 3
2005300002 36 8 0 8
2005300002 39 7 0 7
2005300002 44 1 0 1
2005300002 49 2 0 2
2005300002 52 5 0 5
2005300002 57 10 0 10
2005300002 58 1 0 1
2005300002 67 4 0 4
2005300002 70 5 0 5
2005300002 80 4 0 4
2005300002 97 1 0 1
2005300002 103 6 0 6
2005300002 107 3 0 3
2005300002 110 5 0 5
2005300002 111 2 0 2
2005400002 8 9 0 9
2005400002 16 3 0 3
2005400002 30 7 0 7
2005400002 33 4 0 4
2005400002 37 5 0 5
2005400002 45 7 0 7
2005400002 49 13 0 13
2005400002 52 6 0 6
2005400002 58 2 0 2
2005400002 87 1 0 1
2005400002 107 4 0 4
2005400002 111 9 0 9
2005400002 113 3 0 3
2005400002 126 1 0 1
2005500002 8 8 0 8
2005500002 16 13 0 13
2005500002 30 21 0 21
2005500002 33 4 0 4
2005500002 37 7 0 7
2005500002 45 6 0 6
2005500002 80 9 0 9
2005500002 87 12 0 12
2005500002 90 8 0 8
2005500002 113 10 0 10
2005500002 114 4 0 4
2005500002 119 2 0 2
2005500002 126 4 0 4
2005600002 21 3 0 3
2005600002 23 6 0 6
2005600002 26 1 0 1
2005600002 31 1 0 1
2005600002 38 7 0 7
2005600002 47 6 0 6
2005600002 53 4 0 4
2005600002 65 4 0 4
2005600002 90 1 0 1
2005600002 98 3 0 3
2005600002 105 1 0 1
2005600002 113 4 0 4
2005600002 114 3 0 3
2005600002 119 4 0 4
2005600002 126 3 0 3
2005700002 2 4 0 4
2005700002 9 5 0 5
2005700002 21 4 0 4
2005700002 23 3 0 3
2005700002 26 7 0 7
2005700002 31 3 0 3
2005700002 38 2 0 2
2005700002 47 1 0 1
2005700002 53 7 0 7
2005700002 61 5 0 5
2005700002 65 8 0 8
2005700002 77 14 0 14
2005700002 98 3 0 3
2005700002 105 7 0 7
2005700002 108 8 0 8
2005800002 2 10 0 10
2005800002 9 8 0 8
2005800002 11 2 0 2
2005800002 23 1 0 1
2005800002 31 2 0 2
2005800002 64 4 0 4
2005800002 108 1 0 1
2005900002 11 5 0 5
2005900002 51 2 0 2
2005900002 56 2 0 2
2005900002 62 1 0 1
2005900002 64 7 0 7
2005900002 81 7 0 7
2005900002 88 7 0 7
2006000002 11 7 0 7
2006000002 14 1 0 1
2006000002 17 12 0 12
2006000002 34 5 0 5
2006000002 41 6 0 6
2006000002 43 7 0 7
2006000002 50 1 0 1
2006000002 51 7 0 7
2006000002 56 6 0 6
2006000002 61 6 0 6
2006000002 62 7 0 7
2006000002 72 1 0 1
2006000002 75 12 0 12
2006000002 81 3 0 3
2006000002 83 3 0 3
2006000002 88 10 0 10
2006000002 89 9 0 9
2006000002 91 7 0 7
2006000002 104 9 0 9
2006000002 106 2 0 2
2006000002 116 3 0 3
2006100002 14 6 0 6
2006100002 17 5 0 5
2006100002 20 4 0 4
2006100002 34 9 0 9
2006100002 41 7 0 7
2006100002 43 6 0 6
2006100002 50 7 0 7
2006100002 51 5 0 5
2006100002 61 3 0 3
2006100002 62 3 0 3
2006100002 68 5 0 5
2006100002 72 1 0 1
2006100002 79 6 0 6
2006100002 82 5 0 5
2006100002 83 11 0 11
2006100002 85 3 0 3
2006100002 89 12 0 12
2006100002 91 2 0 2
2006100002 92 2 0 2
2006100002 104 4 0 4
2006100002 106 2 0 2
2006100002 109 7 0 7
2006100002 116 3 0 3
2006100002 117 4 0 4
2006200002 14 3 0 3
2006200002 19 2 0 2
2006200002 20 9 0 9
2006200002 22 2 0 2
2006200002 27 1 0 1
2006200002 50 3 0 3
2006200002 68 13 0 13
2006200002 72 1 0 1
2006200002 79 2 0 2
2006200002 82 5 0 5
2006200002 83 4 0 4
2006200002 85 7 0 7
2006200002 89 1 0 1
2006200002 90 3 0 3
2006200002 92 2 0 2
2006200002 109 7 0 7
2006200002 116 3 0 3
2006200002 117 13 0 13
2006200002 120 6 0 6
2006300002 1 9 0 9
2006300002 4 5 0 5
2006300002 5 4 0 4
2006300002 19 4 0 4
2006300002 22 9 0 9
2006300002 25 4 0 4
2006300002 27 4 0 4
2006300002 40 2 0 2
2006300002 42 1 0 1
2006300002 60 6 0 6
2006300002 66 4 0 4
2006300002 72 3 0 3
2006300002 76 1 0 1
2006300002 82 1 0 1
2006300002 84 1 0 1
2006300002 85 1 0 1
2006300002 116 2 0 2
2006300002 120 7 0 7
2006400002 0 8 0 8
2006400002 1 5 0 5
2006400002 3 2 0 2
2006400002 4 5 0 5
2006400002 5 2 0 2
2006400002 18 3 0 3
2006400002 19 5 0 5
2006400002 22 3 0 3
2006400002 24 3 0 3
2006400002 25 4 0 4
2006400002 27 3 0 3
2006400002 29 2 0 2
2006400002 40 4 0 4
2006400002 42 5 0 5
2006400002 60 11 0 11
2006400002 66 5 0 5
2006400002 71 8 0 8
2006400002 72 3 0 3
2006400002 76 9 0 9
2006400002 78 2 0 2
2006400002 84 10 0 10
2006400002 96 1 0 1
2006400002 100 2 0 2
2006400002 112 2 0 2
2006400002 121 2 0 2
2006400002 122 1 0 1
2006500002 0 4 0 4
2006500002 3 2 0 2
2006500002 4 1 0 1
2006500002 5 1 0 1
2006500002 18 7 0 7
2006500002 24 9 0 9
2006500002 29 4 0 4
2006500002 35 5 0 5
2006500002 36 7 0 7
2006500002 66 3 0 3
2006500002 67 4 0 4
2006500002 72 1 0 1
2006500002 76 5 0 5
2006500002 78 6 0 6
2006500002 84 1 0 1
2006500002 96 8 0 8
2006500002 100 4 0 4
2006500002 112 4 0 4
2006500002 121 9 0 9
2006500002 122 8 0 8
2006500002 124 5 0 5
2006600002 13 1 0 1
2006600002 18 1 0 1
2006600002 35 8 0 8
2006600002 36 6 0 6
2006600002 39 1 0 1
2006600002 48 3 0 3
2006600002 54 2 0 2
2006600002 58 2 0 2
2006600002 59 7 0 7
2006600002 67 5 0 5
2006600002 74 1 0 1
2006600002 80 4 0 4
2006600002 87 3 0 3
2006600002 90 2 0 2
2006600002 93 3 0 3
2006600002 96 2 0 2
2006600002 100 1 0 1
2006600002 115 1 0 1
2006600002 124 6 0 6
2006700002 13 10 0 10
2006700002 32 1 0 1
2006700002 33 6 0 6
2006700002 37 5 0 5
2006700002 39 10 0 10
2006700002 45 4 0 4
2006700002 47 5 0 5
2006700002 48 5 0 5
2006700002 54 1 0 1
2006700002 58 2 0 2
2006700002 59 4 0 4
2006700002 74 5 0 5
2006700002 80 3 0 3
2006700002 87 9 0 9
2006700002 90 3 0 3
2006700002 93 3 0 3
2006700002 97 3 0 3
2006700002 107 8 0 8
2006700002 110 4 0 4
2006700002 111 5 0 5
2006700002 113 4 0 4
2006700002 114 2 0 2
2006700002 115 6 0 6
2006700002 119 2 0 2
2006700002 126 3 0 3
2006800002 15 1 0 1
2006800002 32 5 0 5
2006800002 33 3 0 3
2006800002 37 10 0 10
2006800002 39 1 0 1
2006800002 44 11 0 11
2006800002 45 4 0 4
2006800002 47 3 0 3
2006800002 49 4 0 4
2006800002 52 7 0 7
2006800002 58 5 0 5
2006800002 70 6 0 6
2006800002 74 7 0 7
2006800002 93 8 0 8
2006800002 97 7 0 7
2006800002 103 4 0 4
2006800002 107 4 0 4
2006800002 110 6 0 6
2006800002 111 2 0 2
2006800002 113 6 0 6
2006800002 114 6 0 6
2006800002 115 4 0 4
2006800002 119 6 0 6
2006800002 126 2 0 2
2006900002 15 9 0 9
2006900002 16 3 0 3
2006900002 21 4 0 4
2006900002 23 6 0 6
2006900002 26 4 0 4
2006900002 30 2 0 2
2006900002 31 1 0 1
2006900002 32 1 0 1
2006900002 49 10 0 10
2006900002 52 3 0 3
2006900002 53 9 0 9
2006900002 58 4 0 4
2006900002 103 1 0 1
2006900002 110 1 0 1
2006900002 113 2 0 2
2006900002 114 1 0 1
2006900002 126 2 0 2
2007000002 15 3 0 3
2007000002 16 6 0 6
2007000002 21 3 0 3
2007000002 23 1 0 1
2007000002 26 6 0 6
2007000002 30 5 0 5
2007000002 31 7 0 7
2007000002 53 3 0 3
2007000002 98 2 0 2
2007000002 99 1 0 1
2007100002 15 7 0 7
2007100002 21 1 0 1
2007100002 23 1 0 1
2007100002 26 2 0 2
2007100002 57 2 0 2
2007100002 61 1 0 1
2007100002 80 1 0 1
2007100002 105 1 0 1
2007200002 57 7 0 7
2007200002 65 8 0 8
2007200002 80 3 0 3
2007200002 105 9 0 9
2007300002 2 8 0 8
2007300002 9 7 0 7
2007300002 65 2 0 2
2007300002 77 5 0 5
2007300002 81 1 0 1
2007300002 105 3 0 3
2007300002 127 1 0 1
2007400002 8 2 0 2
2007400002 11 6 0 6
2007400002 14 1 0 1
2007400002 30 2 0 2
2007400002 34 5 0 5
2007400002 41 6 0 6
2007400002 43 6 0 6
2007400002 51 1 0 1
2007400002 56 1 0 1
2007400002 67 4 0 4
2007400002 73 5 0 5
2007400002 77 7 0 7
2007400002 81 5 0 5
2007400002 88 3 0 3
2007400002 127 5 0 5
2007500002 8 2 0 2
2007500002 11 4 0 4
2007500002 14 6 0 6
2007500002 30 4 0 4
2007500002 34 4 0 4
2007500002 41 6 0 6
2007500002 43 4 0 4
2007500002 50 4 0 4
2007500002 51 11 0 11
2007500002 56 3 0 3
2007500002 61 3 0 3
2007500002 62 7 0 7
2007500002 64 10 0 10
2007500002 67 2 0 2
2007500002 73 3 0 3
2007500002 79 5 0 5
2007500002 81 4 0 4
2007500002 82 1 0 1
2007500002 85 5 0 5
2007500002 88 3 0 3
2007500002 89 4 0 4
2007500002 91 6 0 6
2007500002 92 3 0 3
2007500002 104 1 0 1
2007500002 117 1 0 1
2007600002 1 1 0 1
2007600002 8 1 0 1
2007600002 14 5 0 5
2007600002 17 5 0 5
2007600002 19 3 0 3
2007600002 20 2 0 2
2007600002 22 1 0 1
2007600002 27 1 0 1
2007600002 50 7 0 7
2007600002 51 1 0 1
2007600002 56 3 0 3
2007600002 61 2 0 2
2007600002 62 5 0 5
2007600002 68 9 0 9
2007600002 79 4 0 4
2007600002 82 8 0 8
2007600002 85 8 0 8
2007600002 89 5 0 5
2007600002 91 2 0 2
2007600002 92 3 0 3
2007600002 104 4 0 4
2007600002 106 10 0 10
2007600002 116 2 0 2
2007600002 117 6 0 6
2007700002 1 2 0 2
2007700002 4 2 0 2
2007700002 5 2 0 2
2007700002 17 5 0 5
2007700002 19 4 0 4
2007700002 20 4 0 4
2007700002 22 9 0 9
2007700002 25 6 0 6
2007700002 27 7 0 7
2007700002 42 3 0 3
2007700002 60 4 0 4
2007700002 68 5 0 5
2007700002 82 2 0 2
2007700002 84 1 0 1
2007700002 89 4 0 4
2007700002 92 2 0 2
2007700002 104 1 0 1
2007700002 116 6 0 6
2007700002 117 4 0 4
2007800002 1 6 0 6
2007800002 4 6 0 6
2007800002 5 6 0 6
2007800002 18 6 0 6
2007800002 19 2 0 2
2007800002 22 7 0 7
2007800002 24 6 0 6
2007800002 25 8 0 8
2007800002 27 3 0 3
2007800002 29 4 0 4
2007800002 40 6 0 6
2007800002 42 4 0 4
2007800002 60 7 0 7
2007800002 66 2 0 2
2007800002 71 6 0 6
2007800002 75 3 0 3
2007800002 84 11 0 11
2007800002 90 3 0 3
2007800002 96 1 0 1
2007800002 109 4 0 4
2007800002 121 4 0 4
2007800002 122 2 0 2
2007900002 0 5 0 5
2007900002 1 4 0 4
2007900002 3 4 0 4
2007900002 4 1 0 1
2007900002 5 3 0 3
2007900002 18 6 0 6
2007900002 24 6 0 6
2007900002 29 4 0 4
2007900002 38 4 0 4
2007900002 40 7 0 7
2007900002 47 3 0 3
2007900002 66 6 0 6
2007900002 72 3 0 3
2007900002 75 7 0 7
2007900002 78 1 0 1
2007900002 84 1 0 1
2007900002 90 4 0 4
2007900002 96 8 0 8
2007900002 100 5 0 5
2007900002 109 10 0 10
2007900002 112 6 0 6
2007900002 121 6 0 6
2007900002 122 3 0 3
2007900002 124 3 0 3
2008000002 0 5 0 5
2008000002 3 4 0 4
2008000002 13 1 0 1
2008000002 35 6 0 6
2008000002 38 7 0 7
2008000002 47 5 0 5
2008000002 48 2 0 2
2008000002 54 2 0 2
2008000002 59 4 0 4
2008000002 66 7 0 7
2008000002 72 5 0 5
2008000002 76 13 0 13
2008000002 78 4 0 4
2008000002 96 1 0 1
2008000002 100 7 0 7
2008000002 108 5 0 5
2008000002 112 1 0 1
2008000002 114 1 0 1
2008000002 116 1 0 1
2008000002 120 4 0 4
2008000002 124 15 0 15
2008100002 13 11 0 11
2008100002 39 3 0 3
2008100002 48 8 0 8
2008100002 54 5 0 5
2008100002 59 10 0 10
2008100002 66 1 0 1
2008100002 72 4 0 4
2008100002 76 2 0 2
2008100002 78 4 0 4
2008100002 107 5 0 5
2008100002 108 5 0 5
2008100002 111 4 0 4
2008100002 113 5 0 5
2008100002 114 1 0 1
2008100002 116 1 0 1
2008100002 119 5 0 5
2008100002 120 2 0 2
2008100002 126 3 0 3
2008200002 33 1 0 1
2008200002 35 7 0 7
2008200002 37 2 0 2
2008200002 39 11 0 11
2008200002 103 1 0 1
2008200002 107 4 0 4
2008200002 110 2 0 2
2008200002 111 5 0 5
2008200002 113 5 0 5
2008200002 114 8 0 8
2008200002 119 1 0 1
2008200002 126 3 0 3
2008300002 32 6 0 6
2008300002 33 6 0 6
2008300002 35 1 0 1
2008300002 37 8 0 8
2008300002 39 1 0 1
2008300002 44 5 0 5
2008300002 45 2 0 2
2008300002 49 4 0 4
2008300002 52 1 0 1
2008300002 53 8 0 8
2008300002 58 1 0 1
2008300002 74 1 0 1
2008300002 83 7 0 7
2008300002 89 1 0 1
2008300002 93 1 0 1
2008300002 97 2 0 2
2008300002 98 3 0 3
2008300002 103 3 0 3
2008300002 110 7 0 7
2008300002 113 2 0 2
2008300002 114 2 0 2
2008300002 119 1 0 1
2008300002 126 1 0 1
2008400002 2 1 0 1
2008400002 9 1 0 1
2008400002 21 5 0 5
2008400002 23 4 0 4
2008400002 26 2 0 2
2008400002 31 3 0 3
2008400002 32 7 0 7
2008400002 33 3 0 3
2008400002 37 2 0 2
2008400002 44 4 0 4
2008400002 45 2 0 2
2008400002 49 8 0 8
2008400002 52 3 0 3
2008400002 53 4 0 4
2008400002 58 5 0 5
2008400002 74 4 0 4
2008400002 83 9 0 9
2008400002 89 6 0 6
2008400002 93 12 0 12
2008400002 97 2 0 2
2008400002 98 2 0 2
2008400002 103 1 0 1
2008500002 2 3 0 3
2008500002 9 8 0 8
2008500002 21 3 0 3
2008500002 23 10 0 10
2008500002 26 1 0 1
2008500002 31 5 0 5
2008500002 52 2 0 2
2008500002 58 2 0 2
2008500002 74 3 0 3
2008500002 93 7 0 7
2008500002 97 5 0 5
2008600002 2 4 0 4
2008600002 9 1 0 1
2008600002 11 1 0 1
2008600002 21 3 0 3
2008600002 26 2 0 2
2008600002 31 2 0 2
2008600002 65 1 0 1
2008600002 81 1 0 1
2008600002 88 1 0 1
2008700002 11 6 0 6
2008700002 16 4 0 4
2008700002 30 4 0 4
2008700002 34 4 0 4
2008700002 36 14 0 14
2008700002 41 1 0 1
2008700002 43 6 0 6
2008700002 57 4 0 4
2008700002 61 1 0 1
2008700002 65 6 0 6
2008700002 67 6 0 6
2008700002 70 2 0 2
2008700002 80 3 0 3
2008700002 81 6 0 6
2008700002 88 5 0 5
2008700002 105 6 0 6
2008800002 8 1 0 1
2008800002 11 3 0 3
2008800002 16 5 0 5
2008800002 30 6 0 6
2008800002 34 10 0 10
2008800002 36 2 0 2
2008800002 41 5 0 5
2008800002 43 4 0 4
2008800002 57 5 0 5
2008800002 61 2 0 2
2008800002 65 4 0 4
2008800002 67 1 0 1
2008800002 70 4 0 4
2008800002 80 2 0 2
2008800002 82 1 0 1
2008800002 87 4 0 4
2008800002 88 4 0 4
2008800002 90 1 0 1
2008800002 105 3 0 3
2008900002 14 5 0 5
2008900002 15 10 0 10
2008900002 20 8 0 8
2008900002 47 4 0 4
2008900002 50 2 0 2
2008900002 51 2 0 2
2008900002 56 1 0 1
2008900002 61 1 0 1
2008900002 62 1 0 1
2008900002 68 4 0 4
2008900002 79 6 0 6
2008900002 80 7 0 7
2008900002 82 6 0 6
2008900002 85 6 0 6
2008900002 87 9 0 9
2008900002 90 3 0 3
2008900002 92 3 0 3
2008900002 115 6 0 6
2008900002 117 5 0 5
2009000002 14 7 0 7
2009000002 15 10 0 10
2009000002 20 3 0 3
2009000002 47 4 0 4
2009000002 50 3 0 3
2009000002 51 10 0 10
2009000002 56 4 0 4
2009000002 61 4 0 4
2009000002 62 6 0 6
2009000002 73 1 0 1
2009000002 79 2 0 2
2009000002 82 5 0 5
2009000002 85 2 0 2
2009000002 92 1 0 1
2009000002 115 3 0 3
2009000002 117 3 0 3
2009100002 5 1 0 1
2009100002 22 3 0 3
2009100002 25 10 0 10
2009100002 27 5 0 5
2009100002 42 3 0 3
2009100002 51 1 0 1
2009100002 56 6 0 6
2009100002 60 5 0 5
2009100002 61 1 0 1
2009100002 62 4 0 4
2009100002 64 5 0 5
2009100002 67 1 0 1
2009100002 73 6 0 6
2009100002 77 1 0 1
2009100002 91 1 0 1
2009200002 1 2 0 2
2009200002 4 2 0 2
2009200002 5 7 0 7
2009200002 19 4 0 4
2009200002 22 11 0 11
2009200002 24 1 0 1
2009200002 25 1 0 1
2009200002 27 5 0 5
2009200002 42 2 0 2
2009200002 64 8 0 8
2009200002 67 2 0 2
2009200002 77 10 0 10
2009200002 91 8 0 8
2009200002 116 1 0 1
2009200002 120 2 0 2
2009200002 121 3 0 3
2009200002 122 6 0 6
2009300002 1 7 0 7
2009300002 4 4 0 4
2009300002 5 5 0 5
2009300002 18 6 0 6
2009300002 22 1 0 1
2009300002 24 13 0 13
2009300002 29 5 0 5
2009300002 71 4 0 4
2009300002 84 6 0 6
2009300002 91 1 0 1
2009300002 112 1 0 1
2009300002 116 2 0 2
2009300002 120 3 0 3
2009300002 121 5 0 5
2009300002 122 5 0 5
2009400002 0 7 0 7
2009400002 3 4 0 4
2009400002 18 1 0 1
2009400002 24 5 0 5
2009400002 71 5 0 5
2009400002 89 3 0 3
2009400002 96 7 0 7
2009400002 100 2 0 2
2009400002 104 3 0 3
2009400002 106 1 0 1
2009400002 112 10 0 10
2009500002 0 1 0 1
2009500002 3 4 0 4
2009500002 40 2 0 2
2009500002 48 1 0 1
2009500002 54 1 0 1
2009500002 59 1 0 1
2009500002 89 7 0 7
2009500002 96 3 0 3
2009500002 100 3 0 3
2009500002 103 1 0 1
2009500002 104 5 0 5
2009500002 106 2 0 2
2009500002 107 7 0 7
2009500002 109 2 0 2
2009500002 111 6 0 6
2009500002 112 2 0 2
2009500002 113 1 0 1
2009500002 114 2 0 2
2009500002 126 2 0 2
2009500002 127 3 0 3
2009600002 17 5 0 5
2009600002 40 8 0 8
2009600002 48 11 0 11
2009600002 54 5 0 5
2009600002 59 6 0 6
2009600002 66 2 0 2
2009600002 72 8 0 8
2009600002 75 1 0 1
2009600002 76 4 0 4
2009600002 78 1 0 1
2009600002 90 4 0 4
2009600002 97 4 0 4
2009600002 98 1 0 1
2009600002 103 7 0 7
2009600002 104 4 0 4
2009600002 106 3 0 3
2009600002 107 2 0 2
2009600002 109 7 0 7
2009600002 110 10 0 10
2009600002 111 2 0 2
2009600002 113 8 0 8
2009600002 114 8 0 8
2009600002 116 1 0 1
2009600002 119 9 0 9
2009600002 126 7 0 7
2009600002 127 3 0 3
2009700002 33 1 0 1
2009700002 35 2 0 2
2009700002 37 1 0 1
2009700002 40 1 0 1
2009700002 45 3 0 3
2009700002 48 1 0 1
2009700002 49 1 0 1
2009700002 52 2 0 2
2009700002 53 7 0 7
2009700002 54 1 0 1
2009700002 59 3 0 3
2009700002 66 10 0 10
2009700002 72 8 0 8
2009700002 75 10 0 10
2009700002 76 9 0 9
2009700002 78 2 0 2
2009700002 98 6 0 6
2009700002 103 1 0 1
2009700002 109 2 0 2
2009700002 113 5 0 5
2009700002 114 5 0 5
2009700002 124 3 0 3
2009700002 126 1 0 1
2009800002 13 7 0 7
2009800002 21 1 0 1
2009800002 33 6 0 6
2009800002 35 6 0 6
2009800002 37 10 0 10
2009800002 39 6 0 6
2009800002 45 5 0 5
2009800002 49 7 0 7
2009800002 52 6 0 6
2009800002 53 4 0 4
2009800002 58 4 0 4
2009800002 66 8 0 8
2009800002 72 5 0 5
2009800002 76 2 0 2
2009800002 78 4 0 4
2009800002 98 4 0 4
2009800002 124 5 0 5
2009900002 13 3 0 3
2009900002 21 4 0 4
2009900002 23 5 0 5
2009900002 26 1 0 1
2009900002 31 7 0 7
2009900002 33 1 0 1
2009900002 37 1 0 1
2009900002 39 2 0 2
2009900002 49 1 0 1
2009900002 52 1 0 1
2009900002 58 2 0 2
2009900002 93 1 0 1
2009900002 97 2 0 2
2010000002 2 7 0 7
2010000002 9 1 0 1
2010000002 21 2 0 2
2010000002 23 4 0 4
2010000002 26 4 0 4
2010000002 31 2 0 2
2010000002 32 2 0 2
2010000002 41 1 0 1
2010000002 44 7 0 7
2010000002 58 1 0 1
2010000002 74 3 0 3
2010000002 93 9 0 9
2010000002 97 2 0 2
2010100002 2 2 0 2
2010100002 9 4 0 4
2010100002 11 7 0 7
2010100002 32 6 0 6
2010100002 34 8 0 8
2010100002 41 5 0 5
2010100002 43 14 0 14
2010100002 44 4 0 4
2010100002 58 1 0 1
2010100002 81 5 0 5
2010100002 88 3 0 3
2010100002 93 2 0 2
2010100002 97 1 0 1
2010200002 4 3 0 3
2010200002 11 4 0 4
2010200002 14 1 0 1
2010200002 17 2 0 2
2010200002 20 3 0 3
2010200002 32 1 0 1
2010200002 34 2 0 2
2010200002 38 1 0 1
2010200002 41 1 0 1
2010200002 50 1 0 1
2010200002 65 2 0 2
2010200002 68 3 0 3
2010200002 79 1 0 1
2010200002 81 8 0 8
2010200002 82 1 0 1
2010200002 83 5 0 5
2010200002 85 1 0 1
2010200002 88 2 0 2
2010200002 92 1 0 1
2010200002 117 1 0 1
2010300002 4 2 0 2
2010300002 8 3 0 3
2010300002 14 5 0 5
2010300002 17 3 0 3
2010300002 20 2 0 2
2010300002 25 2 0 2
2010300002 30 3 0 3
2010300002 38 5 0 5
2010300002 42 2 0 2
2010300002 47 13 0 13
2010300002 50 6 0 6
2010300002 60 4 0 4
2010300002 61 2 0 2
2010300002 65 5 0 5
2010300002 68 7 0 7
2010300002 79 9 0 9
2010300002 82 10 0 10
2010300002 83 3 0 3
2010300002 85 4 0 4
2010300002 92 3 0 3
2010300002 105 12 0 12
2010300002 108 3 0 3
2010300002 116 4 0 4
2010300002 117 10 0 10
2010300002 120 1 0 1
2010400002 8 4 0 4
2010400002 14 2 0 2
2010400002 17 1 0 1
2010400002 20 1 0 1
2010400002 25 7 0 7
2010400002 30 5 0 5
2010400002 38 1 0 1
2010400002 42 2 0 2
2010400002 50 3 0 3
2010400002 56 1 0 1
2010400002 57 1 0 1
2010400002 60 6 0 6
2010400002 79 4 0 4
2010400002 82 1 0 1
2010400002 92 1 0 1
2010400002 108 4 0 4
2010400002 116 5 0 5
2010400002 120 5 0 5
2010500002 19 3 0 3
2010500002 22 3 0 3
2010500002 25 1 0 1
2010500002 27 1 0 1
2010500002 51 8 0 8
2010500002 56 11 0 11
2010500002 57 7 0 7
2010500002 60 1 0 1
2010500002 61 5 0 5
2010500002 62 5 0 5
2010500002 70 5 0 5
2010500002 80 3 0 3
2010600002 16 1 0 1
2010600002 19 3 0 3
2010600002 22 7 0 7
2010600002 27 4 0 4
2010600002 51 5 0 5
2010600002 56 2 0 2
2010600002 57 3 0 3
2010600002 61 3 0 3
2010600002 62 1 0 1
2010600002 70 1 0 1
2010600002 80 5 0 5
2010600002 84 1 0 1
2010600002 87 3 0 3
2010600002 90 2 0 2
2010600002 121 1 0 1
2010700002 1 4 0 4
2010700002 4 3 0 3
2010700002 16 3 0 3
2010700002 18 2 0 2
2010700002 19 2 0 2
2010700002 22 2 0 2
2010700002 24 1 0 1
2010700002 27 4 0 4
2010700002 29 1 0 1
2010700002 30 3 0 3
2010700002 36 6 0 6
2010700002 64 3 0 3
2010700002 67 2 0 2
2010700002 71 5 0 5
2010700002 80 9 0 9
2010700002 84 8 0 8
2010700002 87 10 0 10
2010700002 90 5 0 5
2010700002 121 8 0 8
2010700002 122 12 0 12
2010800002 0 3 0 3
2010800002 1 6 0 6
2010800002 3 1 0 1
2010800002 4 5 0 5
2010800002 5 4 0 4
2010800002 18 10 0 10
2010800002 24 7 0 7
2010800002 29 6 0 6
2010800002 36 1 0 1
2010800002 64 4 0 4
2010800002 67 3 0 3
2010800002 71 2 0 2
2010800002 77 4 0 4
2010800002 84 1 0 1
2010800002 100 4 0 4
2010800002 112 3 0 3
2010900002 0 8 0 8
2010900002 3 7 0 7
2010900002 5 1 0 1
2010900002 24 4 0 4
2010900002 77 4 0 4
2010900002 96 3 0 3
2010900002 100 2 0 2
2010900002 107 6 0 6
2010900002 111 8 0 8
2010900002 112 9 0 9
2011000002 15 1 0 1
2011000002 67 1 0 1
2011000002 73 3 0 3
2011000002 89 3 0 3
2011000002 91 11 0 11
2011000002 96 3 0 3
2011000002 97 1 0 1
2011000002 100 1 0 1
2011000002 103 4 0 4
2011000002 104 3 0 3
2011000002 106 6 0 6
2011000002 107 6 0 6
2011000002 110 1 0 1
2011000002 111 2 0 2
2011000002 114 2 0 2
2011000002 119 1 0 1
2011000002 126 2 0 2
2011100002 15 11 0 11
2011100002 21 1 0 1
2011100002 23 1 0 1
2011100002 26 1 0 1
2011100002 48 7 0 7
2011100002 54 3 0 3
2011100002 59 4 0 4
2011100002 67 4 0 4
2011100002 73 5 0 5
2011100002 89 6 0 6
2011100002 91 1 0 1
2011100002 97 1 0 1
2011100002 103 5 0 5
2011100002 104 2 0 2
2011100002 106 2 0 2
2011100002 110 8 0 8
2011100002 113 4 0 4
2011100002 114 7 0 7
2011100002 119 3 0 3
2011100002 126 6 0 6
2011200002 13 4 0 4
2011200002 15 8 0 8
2011200002 21 7 0 7
2011200002 23 4 0 4
2011200002 26 4 0 4
2011200002 31 3 0 3
2011200002 33 1 0 1
2011200002 35 7 0 7
2011200002 37 1 0 1
2011200002 39 4 0 4
2011200002 40 2 0 2
2011200002 48 11 0 11
2011200002 49 2 0 2
2011200002 52 5 0 5
2011200002 53 3 0 3
2011200002 54 4 0 4
2011200002 58 1 0 1
2011200002 59 6 0 6
2011200002 78 1 0 1
2011200002 113 1 0 1
2011200002 114 4 0 4
2011200002 119 5 0 5
2011200002 124 12 0 12
2011200002 126 6 0 6
2011300002 2 5 0 5
2011300002 9 4 0 4
2011300002 13 4 0 4
2011300002 21 6 0 6
2011300002 23 4 0 4
2011300002 26 5 0 5
2011300002 31 4 0 4
2011300002 33 3 0 3
2011300002 35 3 0 3
2011300002 37 6 0 6
2011300002 39 6 0 6
2011300002 40 8 0 8
2011300002 45 7 0 7
2011300002 49 4 0 4
2011300002 52 8 0 8
2011300002 53 5 0 5
2011300002 58 3 0 3
2011300002 66 3 0 3
2011300002 72 1 0 1
2011300002 76 5 0 5
2011300002 78 3 0 3
2011300002 98 9 0 9
2011300002 124 4 0 4
2011400002 2 4 0 4
2011400002 9 6 0 6
2011400002 33 5 0 5
2011400002 34 1 0 1
2011400002 37 13 0 13
2011400002 41 2 0 2
2011400002 43 2 0 2
2011400002 45 3 0 3
2011400002 49 1 0 1
2011400002 52 1 0 1
2011400002 58 1 0 1
2011400002 66 9 0 9
2011400002 72 12 0 12
2011400002 74 3 0 3
2011400002 76 8 0 8
2011400002 78 10 0 10
2011400002 93 2 0 2
2011500002 34 10 0 10
2011500002 41 8 0 8
2011500002 43 8 0 8
2011500002 58 1 0 1
2011500002 66 1 0 1
2011500002 72 2 0 2
2011500002 74 4 0 4
2011500002 75 6 0 6
2011500002 76 3 0 3
2011500002 81 2 0 2
2011500002 82 2 0 2
2011500002 85 2 0 2
2011500002 89 2 0 2
2011500002 92 2 0 2
2011500002 93 7 0 7
2011500002 117 2 0 2
2011600002 11 4 0 4
2011600002 20 7 0 7
2011600002 32 2 0 2
2011600002 34 1 0 1
2011600002 43 2 0 2
2011600002 44 3 0 3
2011600002 47 5 0 5
2011600002 68 1 0 1
2011600002 75 5 0 5
2011600002 81 9 0 9
2011600002 82 10 0 10
2011600002 83 5 0 5
2011600002 85 6 0 6
2011600002 88 6 0 6
2011600002 89 1 0 1
2011600002 92 4 0 4
2011600002 93 2 0 2
2011600002 97 1 0 1
2011600002 115 6 0 6
2011600002 117 6 0 6
2011700002 11 2 0 2
2011700002 14 2 0 2
2011700002 20 4 0 4
2011700002 32 6 0 6
2011700002 44 6 0 6
2011700002 47 4 0 4
2011700002 50 4 0 4
2011700002 65 2 0 2
2011700002 68 2 0 2
2011700002 79 1 0 1
2011700002 82 1 0 1
2011700002 83 1 0 1
2011700002 89 1 0 1
2011700002 92 1 0 1
2011700002 115 10 0 10
2011700002 117 4 0 4
2011800002 14 8 0 8
2011800002 25 4 0 4
2011800002 42 4 0 4
2011800002 50 12 0 12
2011800002 60 3 0 3
2011800002 61 7 0 7
2011800002 65 7 0 7
2011800002 79 6 0 6
2011800002 105 6 0 6
2011800002 127 4 0 4
2011900002 19 3 0 3
2011900002 25 6 0 6
2011900002 27 5 0 5
2011900002 42 4 0 4
2011900002 51 1 0 1
2011900002 60 5 0 5
2011900002 61 3 0 3
2011900002 65 2 0 2
2011900002 105 1 0 1
2011900002 108 1 0 1
2011900002 127 1 0 1
2012000002 16 7 0 7
2012000002 19 9 0 9
2012000002 22 5 0 5
2012000002 27 10 0 10
2012000002 30 7 0 7
2012000002 51 3 0 3
2012000002 56 3 0 3
2012000002 61 6 0 6
2012000002 62 3 0 3
2012000002 64 4 0 4
2012000002 108 2 0 2
2012100002 16 3 0 3
2012100002 22 1 0 1
2012100002 30 2 0 2
2012100002 51 5 0 5
2012100002 56 4 0 4
2012100002 61 1 0 1
2012100002 62 3 0 3
2012100002 64 3 0 3
2012100002 71 4 0 4
2012100002 84 2 0 2
2012100002 108 6 0 6
2012100002 121 3 0 3
2012100002 122 3 0 3
2012200002 1 5 0 5
2012200002 4 1 0 1
2012200002 5 4 0 4
2012200002 18 4 0 4
2012200002 24 4 0 4
2012200002 29 3 0 3
2012200002 57 3 0 3
2012200002 71 6 0 6
2012200002 84 1 0 1
2012200002 121 6 0 6
2012200002 122 5 0 5
2012300002 1 7 0 7
2012300002 4 2 0 2
2012300002 5 5 0 5
2012300002 17 5 0 5
2012300002 18 8 0 8
2012300002 24 5 0 5
2012300002 29 2 0 2
2012300002 57 8 0 8
2012300002 80 3 0 3
2012300002 96 2 0 2
2012300002 100 5 0 5
2012300002 112 3 0 3
2012300002 116 1 0 1
2012300002 122 1 0 1
2012400002 17 6 0 6
2012400002 18 1 0 1
2012400002 36 2 0 2
2012400002 67 1 0 1
2012400002 72 2 0 2
2012400002 77 4 0 4
2012400002 80 5 0 5
2012400002 87 4 0 4
2012400002 90 10 0 10
2012400002 96 2 0 2
2012400002 100 3 0 3
2012400002 107 1 0 1
2012400002 109 6 0 6
2012400002 112 9 0 9
2012400002 114 1 0 1
2012400002 116 5 0 5
2012500002 0 7 0 7
2012500002 3 4 0 4
2012500002 36 7 0 7
2012500002 67 4 0 4
2012500002 77 9 0 9
2012500002 80 6 0 6
2012500002 87 7 0 7
2012500002 90 9 0 9
2012500002 96 1 0 1
2012500002 100 1 0 1
2012500002 107 6 0 6
2012500002 109 5 0 5
2012500002 111 8 0 8
2012500002 112 2 0 2
2012500002 113 5 0 5
2012500002 114 4 0 4
2012500002 116 5 0 5
2012500002 119 5 0 5
2012500002 120 7 0 7
2012500002 126 4 0 4
2012600002 0 3 0 3
2012600002 3 4 0 4
2012600002 21 2 0 2
2012600002 23 3 0 3
2012600002 26 2 0 2
2012600002 31 1 0 1
2012600002 36 1 0 1
2012600002 53 5 0 5
2012600002 70 8 0 8
2012600002 97 2 0 2
2012600002 98 3 0 3
2012600002 103 2 0 2
2012600002 110 10 0 10
2012600002 113 6 0 6
2012600002 114 7 0 7
2012600002 116 1 0 1
2012600002 119 4 0 4
2012600002 126 11 0 11
2012700002 13 2 0 2
2012700002 21 7 0 7
2012700002 23 6 0 6
2012700002 26 6 0 6
2012700002 31 5 0 5
2012700002 39 1 0 1
2012700002 48 1 0 1
2012700002 49 5 0 5
2012700002 52 9 0 9
2012700002 53 4 0 4
2012700002 58 1 0 1
2012700002 59 3 0 3
2012700002 67 1 0 1
2012700002 73 4 0 4
2012700002 98 4 0 4
2012700002 113 1 0 1
2012800002 13 2 0 2
2012800002 26 1 0 1
2012800002 31 1 0 1
2012800002 39 8 0 8
2012800002 48 8 0 8
2012800002 52 1 0 1
2012800002 54 2 0 2
2012800002 58 1 0 1
2012800002 59 11 0 11
2012800002 66 1 0 1
2012800002 67 7 0 7
2012800002 72 1 0 1
2012800002 73 8 0 8
2012800002 76 2 0 2
2012800002 88 1 0 1
2012800002 91 10 0 10
2012900002 2 1 0 1
2012900002 8 5 0 5
2012900002 9 1 0 1
2012900002 11 4 0 4
2012900002 13 3 0 3
2012900002 30 5 0 5
2012900002 35 7 0 7
2012900002 38 1 0 1
2012900002 39 2 0 2
2012900002 41 3 0 3
2012900002 43 6 0 6
2012900002 47 2 0 2
2012900002 58 2 0 2
2012900002 66 4 0 4
2012900002 67 1 0 1
2012900002 72 3 0 3
2012900002 74 1 0 1
2012900002 76 2 0 2
2012900002 78 7 0 7
2012900002 81 2 0 2
2012900002 88 4 0 4
2012900002 89 1 0 1
2012900002 93 1 0 1
2012900002 104 1 0 1
2012900002 106 1 0 1
2012900002 124 10 0 10
2013000002 2 4 0 4
2013000002 8 1 0 1
2013000002 9 13 0 13
2013000002 11 4 0 4
2013000002 15 1 0 1
2013000002 20 1 0 1
2013000002 30 1 0 1
2013000002 33 5 0 5
2013000002 34 8 0 8
2013000002 35 3 0 3
2013000002 37 11 0 11
2013000002 38 1 0 1
2013000002 40 8 0 8
2013000002 41 4 0 4
2013000002 43 2 0 2
2013000002 45 4 0 4
2013000002 47 4 0 4
2013000002 58 2 0 2
2013000002 66 7 0 7
2013000002 72 2 0 2
2013000002 74 3 0 3
2013000002 76 4 0 4
2013000002 78 7 0 7
2013000002 81 6 0 6
2013000002 82 5 0 5
2013000002 85 6 0 6
2013000002 88 11 0 11
2013000002 89 5 0 5
2013000002 92 1 0 1
2013000002 93 6 0 6
2013000002 97 3 0 3
2013000002 104 7 0 7
2013000002 106 8 0 8
2013000002 117 1 0 1
2013000002 124 2 0 2
2013100002 15 4 0 4
2013100002 20 10 0 10
2013100002 33 1 0 1
2013100002 34 5 0 5
2013100002 37 4 0 4
2013100002 38 7 0 7
2013100002 41 1 0 1
2013100002 43 1 0 1
2013100002 45 5 0 5
2013100002 47 7 0 7
2013100002 58 1 0 1
2013100002 68 7 0 7
2013100002 82 4 0 4
2013100002 85 2 0 2
2013100002 89 1 0 1
2013100002 92 2 0 2
2013100002 93 7 0 7
2013100002 104 1 0 1
2013100002 117 3 0 3
2013200002 4 5 0 5
2013200002 14 2 0 2
2013200002 15 18 0 18
2013200002 20 3 0 3
2013200002 25 3 0 3
2013200002 32 10 0 10
2013200002 42 2 0 2
2013200002 44 7 0 7
2013200002 50 2 0 2
2013200002 60 3 0 3
2013200002 68 2 0 2
2013200002 83 6 0 6
2013200002 117 6 0 6
2013300002 4 3 0 3
2013300002 14 8 0 8
2013300002 19 1 0 1
2013300002 25 6 0 6
2013300002 32 1 0 1
2013300002 42 4 0 4
2013300002 44 3 0 3
2013300002 50 8 0 8
2013300002 60 4 0 4
2013300002 75 7 0 7
2013300002 79 9 0 9
2013300002 83 2 0 2
2013400002 14 1 0 1
2013400002 19 3 0 3
2013400002 22 4 0 4
2013400002 25 7 0 7
2013400002 27 8 0 8
2013400002 42 5 0 5
2013400002 50 4 0 4
2013400002 51 2 0 2
2013400002 56 2 0 2
2013400002 60 7 0 7
2013400002 61 1 0 1
2013400002 65 1 0 1
2013400002 75 1 0 1
2013400002 79 3 0 3
2013400002 127 2 0 2
2013500002 19 4 0 4
2013500002 22 1 0 1
2013500002 27 5 0 5
2013500002 51 8 0 8
2013500002 56 3 0 3
2013500002 61 8 0 8
2013500002 62 9 0 9
2013500002 65 10 0 10
2013500002 71 1 0 1
2013500002 84 1 0 1
2013500002 105 8 0 8
2013500002 127 4 0 4
2013600002 18 1 0 1
2013600002 24 3 0 3
2013600002 29 2 0 2
2013600002 51 5 0 5
2013600002 56 2 0 2
2013600002 61 4 0 4
2013600002 62 1 0 1
2013600002 71 6 0 6
2013600002 84 9 0 9
2013600002 105 4 0 4
2013600002 121 2 0 2
2013700002 18 5 0 5
2013700002 24 9 0 9
2013700002 64 8 0 8
2013700002 71 4 0 4
2013700002 84 5 0 5
2013700002 121 6 0 6
2013700002 122 2 0 2
2013800002 18 2 0 2
2013800002 29 4 0 4
2013800002 53 2 0 2
2013800002 96 2 0 2
2013800002 97 1 0 1
2013800002 100 2 0 2
2013800002 107 1 0 1
2013800002 111 1 0 1
2013800002 112 4 0 4
2013800002 121 1 0 1
2013800002 122 3 0 3
2013900002 0 2 0 2
2013900002 3 1 0 1
2013900002 53 8 0 8
2013900002 57 1 0 1
2013900002 96 4 0 4
2013900002 97 6 0 6
2013900002 98 2 0 2
2013900002 100 10 0 10
2013900002 103 5 0 5
2013900002 107 7 0 7
2013900002 110 7 0 7
2013900002 111 8 0 8
2013900002 112 6 0 6
2013900002 113 4 0 4
2013900002 114 1 0 1
2013900002 119 1 0 1
2013900002 126 1 0 1
2014000002 0 8 0 8
2014000002 1 3 0 3
2014000002 3 4 0 4
2014000002 4 1 0 1
2014000002 5 1 0 1
2014000002 21 5 0 5
2014000002 23 4 0 4
2014000002 26 1 0 1
2014000002 31 5 0 5
2014000002 52 1 0 1
2014000002 57 9 0 9
2014000002 58 2 0 2
2014000002 72 1 0 1
2014000002 80 4 0 4
2014000002 103 1 0 1
2014000002 109 1 0 1
2014000002 110 3 0 3
2014000002 113 6 0 6
2014000002 114 3 0 3
2014000002 119 4 0 4
2014000002 126 1 0 1
2014100002 1 4 0 4
2014100002 4 4 0 4
2014100002 5 6 0 6
2014100002 16 3 0 3
2014100002 21 5 0 5
2014100002 23 6 0 6
2014100002 26 3 0 3
2014100002 30 2 0 2
2014100002 31 6 0 6
2014100002 48 1 0 1
2014100002 49 6 0 6
2014100002 52 7 0 7
2014100002 57 4 0 4
2014100002 58 2 0 2
2014100002 59 2 0 2
2014100002 72 9 0 9
2014100002 80 1 0 1
2014100002 87 1 0 1
2014100002 90 2 0 2
2014100002 108 2 0 2
2014100002 109 6 0 6
2014100002 113 2 0 2
2014100002 114 3 0 3
2014100002 119 3 0 3
2014100002 126 1 0 1
2014200002 4 4 0 4
2014200002 5 3 0 3
2014200002 16 6 0 6
2014200002 17 2 0 2
2014200002 23 1 0 1
2014200002 26 1 0 1
2014200002 30 2 0 2
2014200002 31 1 0 1
2014200002 48 8 0 8
2014200002 49 8 0 8
2014200002 52 9 0 9
2014200002 54 7 0 7
2014200002 58 1 0 1
2014200002 59 6 0 6
2014200002 72 3 0 3
2014200002 77 1 0 1
2014200002 80 6 0 6
2014200002 87 11 0 11
2014200002 90 9 0 9
2014200002 108 7 0 7
2014200002 109 3 0 3
2014300002 17 6 0 6
2014300002 36 4 0 4
2014300002 39 1 0 1
2014300002 40 1 0 1
2014300002 48 3 0 3
2014300002 54 3 0 3
2014300002 59 5 0 5
2014300002 67 6 0 6
2014300002 77 10 0 10
2014300002 80 2 0 2
2014300002 82 5 0 5
2014300002 85 1 0 1
2014300002 87 12 0 12
2014300002 90 2 0 2
2014300002 92 1 0 1
2014300002 115 1 0 1
2014300002 116 5 0 5
2014300002 120 3 0 3
2014400002 13 7 0 7
2014400002 33 1 0 1
2014400002 34 5 0 5
2014400002 35 2 0 2
2014400002 36 4 0 4
2014400002 39 4 0 4
2014400002 40 8 0 8
2014400002 41 9 0 9
2014400002 43 6 0 6
2014400002 47 4 0 4
2014400002 66 3 0 3
2014400002 67 2 0 2
2014400002 82 6 0 6
2014400002 85 4 0 4
2014400002 91 1 0 1
2014400002 92 2 0 2
2014400002 115 10 0 10
2014400002 116 8 0 8
2014400002 120 14 0 14
2014400002 124 7 0 7
2014500002 2 2 0 2
2014500002 9 2 0 2
2014500002 13 4 0 4
2014500002 33 6 0 6
2014500002 34 4 0 4
2014500002 35 7 0 7
2014500002 37 6 0 6
2014500002 39 1 0 1
2014500002 40 1 0 1
2014500002 41 4 0 4
2014500002 43 3 0 3
2014500002 45 4 0 4
2014500002 66 1 0 1
2014500002 82 1 0 1
2014500002 88 4 0 4
2014500002 91 8 0 8
2014500002 104 1 0 1
2014500002 106 2 0 2
2014500002 124 9 0 9
2014600002 2 4 0 4
2014600002 8 2 0 2
2014600002 9 8 0 8
2014600002 11 7 0 7
2014600002 20 3 0 3
2014600002 30 2 0 2
2014600002 33 5 0 5
2014600002 37 7 0 7
2014600002 45 2 0 2
2014600002 68 4 0 4
2014600002 81 5 0 5
2014600002 88 9 0 9
2014600002 89 6 0 6
2014600002 104 9 0 9
2014600002 106 5 0 5
2014600002 117 5 0 5
2014700002 8 5 0 5
2014700002 9 1 0 1
2014700002 11 2 0 2
2014700002 20 2 0 2
2014700002 22 1 0 1
2014700002 30 1 0 1
2014700002 38 1 0 1
2014700002 47 5 0 5
2014700002 58 2 0 2
2014700002 68 3 0 3
2014700002 74 5 0 5
2014700002 81 2 0 2
2014700002 88 1 0 1
2014700002 89 2 0 2
2014700002 93 5 0 5
2014700002 97 2 0 2
2014700002 106 2 0 2
2014700002 117 5 0 5
2014800002 14 2 0 2
2014800002 19 5 0 5
2014800002 22 5 0 5
2014800002 27 7 0 7
2014800002 38 5 0 5
2014800002 47 3 0 3
2014800002 50 3 0 3
2014800002 58 2 0 2
2014800002 70 3 0 3
2014800002 74 6 0 6
2014800002 79 3 0 3
2014800002 93 5 0 5
2014800002 97 2 0 2
2014800002 117 3 0 3
2014900002 14 4 0 4
2014900002 19 2 0 2
2014900002 22 5 0 5
2014900002 25 5 0 5
2014900002 27 1 0 1
2014900002 28 2 0 2
2014900002 32 2 0 2
2014900002 42 2 0 2
2014900002 44 2 0 2
2014900002 50 8 0 8
2014900002 60 6 0 6
2014900002 62 1 0 1
2014900002 70 3 0 3
2014900002 79 4 0 4
2014900002 93 1 0 1
2015000002 18 10 0 10
2015000002 24 5 0 5
2015000002 25 13 0 13
2015000002 28 9 0 9
2015000002 29 4 0 4
2015000002 32 5 0 5
2015000002 42 4 0 4
2015000002 44 9 0 9
2015000002 51 7 0 7
2015000002 56 12 0 12
2015000002 60 3 0 3
2015000002 61 8 0 8
2015000002 62 4 0 4
2015000002 65 1 0 1
2015000002 66 5 0 5
2015000002 72 1 0 1
2015000002 76 1 0 1
2015000002 78 1 0 1
2015000002 79 1 0 1
2015000002 105 1 0 1
2015100002 18 3 0 3
2015100002 24 3 0 3
2015100002 29 4 0 4
2015100002 32 1 0 1
2015100002 51 4 0 4
2015100002 56 1 0 1
2015100002 61 5 0 5
2015100002 62 1 0 1
2015100002 65 6 0 6
2015100002 66 5 0 5
2015100002 67 2 0 2
2015100002 72 5 0 5
2015100002 73 2 0 2
2015100002 76 3 0 3
2015100002 78 3 0 3
2015100002 105 4 0 4
2015200002 15 2 0 2
2015200002 61 2 0 2
2015200002 64 8 0 8
2015200002 66 5 0 5
2015200002 67 6 0 6
2015200002 71 2 0 2
2015200002 72 2 0 2
2015200002 73 7 0 7
2015200002 75 9 0 9
2015200002 76 2 0 2
2015200002 84 1 0 1
2015200002 111 1 0 1
2015200002 113 5 0 5
2015200002 114 5 0 5
2015200002 119 8 0 8
2015200002 121 6 0 6
2015200002 122 6 0 6
2015200002 126 6 0 6
2015300002 3 1 0 1
2015300002 15 6 0 6
2015300002 53 8 0 8
2015300002 71 6 0 6
2015300002 83 6 0 6
2015300002 84 6 0 6
2015300002 96 6 0 6
2015300002 98 1 0 1
2015300002 100 3 0 3
2015300002 107 9 0 9
2015300002 111 3 0 3
2015300002 112 4 0 4
2015300002 113 3 0 3
2015300002 114 2 0 2
2015300002 119 3 0 3
2015300002 121 2 0 2
2015300002 122 3 0 3
2015300002 126 6 0 6
2015400002 0 9 0 9
2015400002 3 3 0 3
2015400002 15 12 0 12
2015400002 21 4 0 4
2015400002 23 1 0 1
2015400002 26 6 0 6
2015400002 31 2 0 2
2015400002 53 3 0 3
2015400002 71 2 0 2
2015400002 83 2 0 2
2015400002 96 6 0 6
2015400002 98 2 0 2
2015400002 100 4 0 4
2015400002 103 2 0 2
2015400002 110 1 0 1
2015400002 111 2 0 2
2015400002 112 7 0 7
2015500002 0 1 0 1
2015500002 3 2 0 2
2015500002 21 8 0 8
2015500002 23 9 0 9
2015500002 26 7 0 7
2015500002 31 2 0 2
2015500002 96 6 0 6
2015500002 97 2 0 2
2015500002 100 3 0 3
2015500002 103 7 0 7
2015500002 110 6 0 6
2015500002 127 1 0 1
2015600002 1 8 0 8
2015600002 4 4 0 4
2015600002 5 1 0 1
2015600002 16 1 0 1
2015600002 26 1 0 1
2015600002 30 1 0 1
2015600002 96 4 0 4
2015600002 98 4 0 4
2015600002 100 1 0 1
2015600002 103 1 0 1
2015600002 110 1 0 1
2015600002 127 3 0 3
2015700002 1 6 0 6
2015700002 4 4 0 4
2015700002 5 5 0 5
2015700002 16 5 0 5
2015700002 30 3 0 3
2015700002 48 2 0 2
2015700002 54 3 0 3
2015700002 57 3 0 3
2015700002 59 4 0 4
2015700002 80 3 0 3
2015700002 82 7 0 7
2015700002 85 1 0 1
2015700002 92 1 0 1
2015700002 127 3 0 3
2015800002 16 2 0 2
2015800002 30 1 0 1
2015800002 35 3 0 3
2015800002 39 2 0 2
2015800002 41 3 0 3
2015800002 43 5 0 5
2015800002 48 5 0 5
2015800002 49 3 0 3
2015800002 52 7 0 7
2015800002 54 1 0 1
2015800002 57 10 0 10
2015800002 58 1 0 1
2015800002 59 8 0 8
2015800002 80 2 0 2
2015800002 82 3 0 3
2015800002 85 4 0 4
2015800002 92 2 0 2
2015900002 17 6 0 6
2015900002 34 6 0 6
2015900002 35 2 0 2
2015900002 39 3 0 3
2015900002 41 8 0 8
2015900002 43 4 0 4
2015900002 49 4 0 4
2015900002 52 1 0 1
2015900002 58 1 0 1
2015900002 80 4 0 4
2015900002 85 2 0 2
2015900002 87 3 0 3
2015900002 90 3 0 3
2015900002 92 2 0 2
2015900002 116 5 0 5
2016000002 11 1 0 1
2016000002 17 3 0 3
2016000002 20 2 0 2
2016000002 22 1 0 1
2016000002 33 2 0 2
2016000002 34 1 0 1
2016000002 37 6 0 6
2016000002 45 6 0 6
2016000002 47 2 0 2
2016000002 68 4 0 4
2016000002 77 3 0 3
2016000002 80 3 0 3
2016000002 81 2 0 2
2016000002 87 6 0 6
2016000002 89 1 0 1
2016000002 90 2 0 2
2016000002 104 3 0 3
2016000002 106 3 0 3
2016000002 115 5 0 5
2016000002 116 4 0 4
2016000002 117 2 0 2
2016100002 2 5 0 5
2016100002 9 5 0 5
2016100002 11 3 0 3
2016100002 13 2 0 2
2016100002 19 4 0 4
2016100002 20 5 0 5
2016100002 22 5 0 5
2016100002 27 3 0 3
2016100002 33 2 0 2
2016100002 37 5 0 5
2016100002 39 3 0 3
2016100002 45 2 0 2
2016100002 47 6 0 6
2016100002 68 5 0 5
2016100002 77 8 0 8
2016100002 81 9 0 9
2016100002 88 6 0 6
2016100002 89 2 0 2
2016100002 104 8 0 8
2016100002 106 5 0 5
2016100002 115 1 0 1
2016100002 117 7 0 7
2016200002 2 3 0 3
2016200002 9 12 0 12
2016200002 11 2 0 2
2016200002 13 1 0 1
2016200002 19 7 0 7
2016200002 20 2 0 2
2016200002 22 8 0 8
2016200002 27 4 0 4
2016200002 35 3 0 3
2016200002 47 5 0 5
2016200002 68 1 0 1
2016200002 81 4 0 4
2016200002 88 1 0 1
2016200002 90 1 0 1
2016200002 91 5 0 5
2016200002 106 1 0 1
2016200002 109 1 0 1
2016200002 115 1 0 1
2016200002 117 1 0 1
2016200002 124 5 0 5
2016300002 14 1 0 1
2016300002 35 1 0 1
2016300002 50 8 0 8
2016300002 58 2 0 2
2016300002 72 2 0 2
2016300002 74 1 0 1
2016300002 79 5 0 5
2016300002 90 2 0 2
2016300002 91 4 0 4
2016300002 93 1 0 1
2016300002 109 8 0 8
2016300002 124 2 0 2
2016400002 14 2 0 2
2016400002 18 4 0 4
2016400002 24 6 0 6
2016400002 29 3 0 3
2016400002 36 4 0 4
2016400002 50 3 0 3
2016400002 51 1 0 1
2016400002 56 4 0 4
2016400002 58 5 0 5
2016400002 61 4 0 4
2016400002 62 3 0 3
2016400002 65 4 0 4
2016400002 67 5 0 5
2016400002 74 4 0 4
2016400002 79 3 0 3
2016400002 93 8 0 8
2016400002 97 4 0 4
2016400002 105 4 0 4
2016400002 109 1 0 1
2016500002 18 2 0 2
2016500002 24 5 0 5
2016500002 29 4 0 4
2016500002 32 2 0 2
2016500002 36 3 0 3
2016500002 40 2 0 2
2016500002 44 1 0 1
2016500002 51 9 0 9
2016500002 56 9 0 9
2016500002 58 3 0 3
2016500002 61 4 0 4
2016500002 62 8 0 8
2016500002 65 6 0 6
2016500002 67 3 0 3
2016500002 74 1 0 1
2016500002 83 1 0 1
2016500002 93 4 0 4
2016500002 97 3 0 3
2016500002 105 6 0 6
2016600002 25 5 0 5
2016600002 32 7 0 7
2016600002 40 7 0 7
2016600002 42 3 0 3
2016600002 44 6 0 6
2016600002 51 1 0 1
2016600002 60 5 0 5
2016600002 62 1 0 1
2016600002 64 4 0 4
2016600002 66 12 0 12
2016600002 72 1 0 1
2016600002 76 2 0 2
2016600002 78 1 0 1
2016600002 83 8 0 8
2016600002 89 4 0 4
2016600002 108 4 0 4
2016600002 113 1 0 1
2016600002 114 1 0 1
2016600002 119 1 0 1
2016600002 120 3 0 3
2016600002 121 5 0 5
2016600002 122 4 0 4
2016600002 126 1 0 1
2016700002 13 2 0 2
2016700002 25 7 0 7
2016700002 42 4 0 4
2016700002 60 5 0 5
2016700002 64 2 0 2
2016700002 66 4 0 4
2016700002 71 2 0 2
2016700002 72 6 0 6
2016700002 76 3 0 3
2016700002 78 7 0 7
2016700002 83 2 0 2
2016700002 84 2 0 2
2016700002 89 2 0 2
2016700002 107 2 0 2
2016700002 108 2 0 2
2016700002 113 8 0 8
2016700002 114 7 0 7
2016700002 116 4 0 4
2016700002 119 4 0 4
2016700002 120 3 0 3
2016700002 121 6 0 6
2016700002 122 6 0 6
2016700002 126 8 0 8
2016800002 8 1 0 1
2016800002 13 2 0 2
2016800002 21 2 0 2
2016800002 23 3 0 3
2016800002 26 4 0 4
2016800002 31 6 0 6
2016800002 39 3 0 3
2016800002 60 1 0 1
2016800002 71 7 0 7
2016800002 84 9 0 9
2016800002 107 4 0 4
2016800002 111 5 0 5
2016800002 113 1 0 1
2016800002 114 2 0 2
2016800002 116 1 0 1
2016800002 119 1 0 1
2016800002 120 5 0 5
2016800002 126 2 0 2
2016900002 0 9 0 9
2016900002 3 3 0 3
2016900002 8 4 0 4
2016900002 13 1 0 1
2016900002 21 7 0 7
2016900002 23 5 0 5
2016900002 26 6 0 6
2016900002 28 1 0 1
2016900002 30 4 0 4
2016900002 31 7 0 7
2016900002 39 2 0 2
2016900002 53 2 0 2
2016900002 70 1 0 1
2016900002 75 8 0 8
2016900002 84 1 0 1
2016900002 107 9 0 9
2016900002 111 1 0 1
2017000002 0 1 0 1
2017000002 8 4 0 4
2017000002 21 1 0 1
2017000002 23 1 0 1
2017000002 26 3 0 3
2017000002 30 4 0 4
2017000002 53 10 0 10
2017000002 70 2 0 2
2017000002 98 3 0 3
2017100002 1 1 0 1
2017100002 4 2 0 2
2017100002 5 2 0 2
2017100002 48 2 0 2
2017100002 54 3 0 3
2017100002 59 2 0 2
2017100002 70 3 0 3
2017100002 82 3 0 3
2017100002 85 2 0 2
2017100002 100 1 0 1
2017100002 112 2 0 2
2017200002 1 8 0 8
2017200002 4 7 0 7
2017200002 5 2 0 2
2017200002 15 6 0 6
2017200002 34 2 0 2
2017200002 41 3 0 3
2017200002 48 4 0 4
2017200002 54 5 0 5
2017200002 59 8 0 8
2017200002 82 7 0 7
2017200002 85 13 0 13
2017200002 92 3 0 3
2017200002 96 13 0 13
2017200002 100 3 0 3
2017200002 103 2 0 2
2017200002 110 1 0 1
2017200002 112 9 0 9
2017300002 1 3 0 3
2017300002 5 3 0 3
2017300002 15 8 0 8
2017300002 25 2 0 2
2017300002 28 2 0 2
2017300002 34 3 0 3
2017300002 37 1 0 1
2017300002 41 7 0 7
2017300002 43 8 0 8
2017300002 48 2 0 2
2017300002 49 3 0 3
2017300002 52 7 0 7
2017300002 58 3 0 3
2017300002 80 2 0 2
2017300002 87 2 0 2
2017300002 90 3 0 3
2017300002 96 3 0 3
2017300002 97 2 0 2
2017300002 103 3 0 3
2017300002 110 8 0 8
2017300002 112 2 0 2
2017400002 25 4 0 4
2017400002 28 4 0 4
2017400002 33 3 0 3
2017400002 34 1 0 1
2017400002 35 4 0 4
2017400002 37 12 0 12
2017400002 41 1 0 1
2017400002 43 1 0 1
2017400002 45 4 0 4
2017400002 49 3 0 3
2017400002 52 8 0 8
2017400002 58 2 0 2
2017400002 80 7 0 7
2017400002 87 8 0 8
2017400002 90 5 0 5
2017400002 124 1 0 1
2017500002 11 2 0 2
2017500002 20 8 0 8
2017500002 22 1 0 1
2017500002 33 2 0 2
2017500002 35 6 0 6
2017500002 37 1 0 1
2017500002 45 1 0 1
2017500002 67 2 0 2
2017500002 73 4 0 4
2017500002 81 3 0 3
2017500002 115 3 0 3
2017500002 117 4 0 4
2017500002 124 3 0 3
2017600002 11 6 0 6
2017600002 19 5 0 5
2017600002 20 5 0 5
2017600002 22 4 0 4
2017600002 27 5 0 5
2017600002 38 2 0 2
2017600002 47 9 0 9
2017600002 67 2 0 2
2017600002 68 5 0 5
2017600002 73 5 0 5
2017600002 81 6 0 6
2017600002 88 4 0 4
2017600002 106 1 0 1
2017600002 115 11 0 11
2017600002 117 3 0 3
2017700002 11 1 0 1
2017700002 14 3 0 3
2017700002 19 6 0 6
2017700002 22 5 0 5
2017700002 27 5 0 5
2017700002 38 15 0 15
2017700002 47 16 0 16
2017700002 50 4 0 4
2017700002 77 8 0 8
2017700002 79 2 0 2
2017700002 81 1 0 1
2017700002 88 2 0 2
2017700002 104 6 0 6
2017700002 106 6 0 6
2017800002 2 6 0 6
2017800002 9 4 0 4
2017800002 14 10 0 10
2017800002 18 5 0 5
2017800002 24 5 0 5
2017800002 50 4 0 4
2017800002 61 4 0 4
2017800002 65 2 0 2
2017800002 79 5 0 5
2017800002 89 3 0 3
2017800002 91 1 0 1
2017800002 104 4 0 4
2017800002 105 2 0 2
2017800002 106 1 0 1
2017900002 2 2 0 2
2017900002 9 4 0 4
2017900002 18 5 0 5
2017900002 24 5 0 5
2017900002 29 6 0 6
2017900002 50 1 0 1
2017900002 51 8 0 8
2017900002 56 2 0 2
2017900002 61 5 0 5
2017900002 62 1 0 1
2017900002 65 6 0 6
2017900002 91 8 0 8
2017900002 105 6 0 6
2017900002 127 8 0 8
2018000002 16 8 0 8
2018000002 17 3 0 3
2018000002 29 1 0 1
2018000002 30 2 0 2
2018000002 32 2 0 2
2018000002 44 1 0 1
2018000002 51 5 0 5
2018000002 56 2 0 2
2018000002 57 2 0 2
2018000002 61 6 0 6
2018000002 62 1 0 1
2018000002 65 6 0 6
2018000002 91 1 0 1
2018000002 105 4 0 4
2018000002 113 4 0 4
2018000002 116 2 0 2
2018100002 17 8 0 8
2018100002 32 6 0 6
2018100002 39 3 0 3
2018100002 44 7 0 7
2018100002 57 11 0 11
2018100002 62 1 0 1
2018100002 64 7 0 7
2018100002 80 6 0 6
2018100002 108 1 0 1
2018100002 113 7 0 7
2018100002 114 6 0 6
2018100002 116 4 0 4
2018100002 119 5 0 5
2018100002 126 2 0 2
2018200002 0 2 0 2
2018200002 3 1 0 1
2018200002 13 8 0 8
2018200002 17 2 0 2
2018200002 21 1 0 1
2018200002 26 1 0 1
2018200002 31 1 0 1
2018200002 32 9 0 9
2018200002 39 7 0 7
2018200002 40 9 0 9
2018200002 44 11 0 11
2018200002 64 2 0 2
2018200002 66 6 0 6
2018200002 72 2 0 2
2018200002 76 2 0 2
2018200002 78 1 0 1
2018200002 108 5 0 5
2018200002 113 2 0 2
2018200002 114 2 0 2
2018200002 121 2 0 2
2018200002 122 3 0 3
2018300002 0 10 0 10
2018300002 3 3 0 3
2018300002 21 3 0 3
2018300002 23 11 0 11
2018300002 26 4 0 4
2018300002 31 8 0 8
2018300002 32 4 0 4
2018300002 36 1 0 1
2018300002 40 2 0 2
2018300002 44 1 0 1
2018300002 66 12 0 12
2018300002 72 5 0 5
2018300002 76 6 0 6
2018300002 78 3 0 3
2018300002 108 2 0 2
2018300002 121 4 0 4
2018300002 122 5 0 5
2018400002 21 5 0 5
2018400002 23 3 0 3
2018400002 26 7 0 7
2018400002 31 6 0 6
2018400002 36 6 0 6
2018400002 58 4 0 4
2018400002 67 3 0 3
2018400002 71 7 0 7
2018400002 72 2 0 2
2018400002 74 1 0 1
2018400002 75 3 0 3
2018400002 76 2 0 2
2018400002 84 8 0 8
2018400002 90 1 0 1
2018400002 93 9 0 9
2018400002 107 1 0 1
2018400002 109 3 0 3
2018400002 111 2 0 2
2018400002 116 2 0 2
2018400002 121 5 0 5
2018400002 122 3 0 3
2018500002 36 2 0 2
2018500002 48 1 0 1
2018500002 53 3 0 3
2018500002 54 1 0 1
2018500002 58 2 0 2
2018500002 59 4 0 4
2018500002 67 1 0 1
2018500002 71 4 0 4
2018500002 72 1 0 1
2018500002 74 1 0 1
2018500002 75 5 0 5
2018500002 84 3 0 3
2018500002 90 5 0 5
2018500002 93 3 0 3
2018500002 97 2 0 2
2018500002 98 5 0 5
2018500002 107 8 0 8
2018500002 109 1 0 1
2018500002 110 3 0 3
2018500002 111 11 0 11
2018600002 34 1 0 1
2018600002 41 1 0 1
2018600002 43 3 0 3
2018600002 48 11 0 11
2018600002 53 12 0 12
2018600002 54 8 0 8
2018600002 59 8 0 8
2018600002 97 3 0 3
2018600002 98 7 0 7
2018600002 103 4 0 4
2018600002 107 1 0 1
2018600002 110 5 0 5
2018700002 33 1 0 1
2018700002 34 9 0 9
2018700002 37 1 0 1
2018700002 41 10 0 10
2018700002 43 10 0 10
2018700002 48 1 0 1
2018700002 59 1 0 1
2018700002 82 12 0 12
2018700002 85 2 0 2
2018700002 92 4 0 4
2018700002 96 3 0 3
2018700002 97 1 0 1
2018700002 100 6 0 6
2018700002 103 3 0 3
2018700002 110 5 0 5
2018700002 112 8 0 8
2018800002 1 5 0 5
2018800002 4 2 0 2
2018800002 5 1 0 1
2018800002 8 1 0 1
2018800002 20 1 0 1
2018800002 33 7 0 7
2018800002 34 2 0 2
2018800002 37 4 0 4
2018800002 41 1 0 1
2018800002 45 6 0 6
2018800002 60 1 0 1
2018800002 68 2 0 2
2018800002 82 1 0 1
2018800002 83 1 0 1
2018800002 85 2 0 2
2018800002 92 3 0 3
2018800002 96 7 0 7
2018800002 100 5 0 5
2018800002 112 7 0 7
2018800002 116 4 0 4
2018800002 117 2 0 2
2018800002 120 1 0 1
2018900002 1 8 0 8
2018900002 4 5 0 5
2018900002 5 4 0 4
2018900002 8 10 0 10
2018900002 20 14 0 14
2018900002 25 1 0 1
2018900002 30 1 0 1
2018900002 33 4 0 4
2018900002 37 4 0 4
2018900002 45 3 0 3
2018900002 52 1 0 1
2018900002 60 3 0 3
2018900002 68 4 0 4
2018900002 81 1 0 1
2018900002 83 3 0 3
2018900002 88 1 0 1
2018900002 117 14 0 14
2018900002 120 3 0 3
2019000002 4 4 0 4
2019000002 5 1 0 1
2019000002 11 8 0 8
2019000002 20 2 0 2
2019000002 22 1 0 1
2019000002 25 8 0 8
2019000002 27 1 0 1
2019000002 35 2 0 2
2019000002 42 4 0 4
2019000002 49 7 0 7
2019000002 52 8 0 8
2019000002 58 6 0 6
2019000002 60 2 0 2
2019000002 68 1 0 1
2019000002 81 5 0 5
2019000002 83 5 0 5
2019000002 88 8 0 8
2019000002 124 5 0 5
2019100002 16 5 0 5
2019100002 19 7 0 7
2019100002 22 6 0 6
2019100002 27 6 0 6
2019100002 30 2 0 2
2019100002 35 5 0 5
2019100002 42 4 0 4
2019100002 49 1 0 1
2019100002 52 3 0 3
2019100002 58 1 0 1
2019100002 60 4 0 4
2019100002 81 1 0 1
2019100002 83 3 0 3
2019100002 88 4 0 4
2019100002 89 2 0 2
2019100002 104 6 0 6
2019100002 106 4 0 4
2019100002 124 2 0 2
2019200002 14 1 0 1
2019200002 16 3 0 3
2019200002 18 7 0 7
2019200002 19 4 0 4
2019200002 22 3 0 3
2019200002 24 2 0 2
2019200002 27 4 0 4
2019200002 29 1 0 1
2019200002 30 7 0 7
2019200002 50 8 0 8
2019200002 51 1 0 1
2019200002 56 1 0 1
2019200002 61 1 0 1
2019200002 67 3 0 3
2019200002 73 7 0 7
2019200002 79 7 0 7
2019200002 89 4 0 4
2019200002 104 5 0 5
2019200002 106 2 0 2
2019300002 2 5 0 5
2019300002 9 2 0 2
2019300002 14 4 0 4
2019300002 18 4 0 4
2019300002 24 3 0 3
2019300002 29 6 0 6
2019300002 50 1 0 1
2019300002 51 4 0 4
2019300002 56 10 0 10
2019300002 61 5 0 5
2019300002 62 7 0 7
2019300002 67 4 0 4
2019300002 72 1 0 1
2019300002 73 2 0 2
2019300002 79 3 0 3
2019300002 87 5 0 5
2019300002 89 1 0 1
2019300002 90 4 0 4
2019300002 106 1 0 1
2019300002 109 1 0 1
2019300002 113 4 0 4
2019300002 114 4 0 4
2019300002 126 3 0 3
2019400002 2 6 0 6
2019400002 9 4 0 4
2019400002 15 6 0 6
2019400002 18 1 0 1
2019400002 47 1 0 1
2019400002 51 2 0 2
2019400002 61 1 0 1
2019400002 62 6 0 6
2019400002 72 2 0 2
2019400002 80 1 0 1
2019400002 87 4 0 4
2019400002 90 3 0 3
2019400002 109 4 0 4
2019400002 113 3 0 3
2019400002 114 8 0 8
2019400002 115 2 0 2
2019400002 119 4 0 4
2019400002 126 8 0 8
2019500002 2 1 0 1
2019500002 9 1 0 1
2019500002 15 4 0 4
2019500002 47 7 0 7
2019500002 65 2 0 2
2019500002 115 8 0 8
2019600002 38 2 0 2
2019600002 47 3 0 3
2019600002 61 3 0 3
2019600002 65 6 0 6
2019600002 105 5 0 5
2019600002 115 7 0 7
2019700002 21 2 0 2
2019700002 23 1 0 1
2019700002 26 2 0 2
2019700002 31 2 0 2
2019700002 38 2 0 2
2019700002 47 2 0 2
2019700002 65 2 0 2
2019800002 0 3 0 3
2019800002 3 1 0 1
2019800002 21 8 0 8
2019800002 23 3 0 3
2019800002 26 2 0 2
2019800002 31 4 0 4
2019800002 57 11 0 11
2019800002 80 5 0 5
2019800002 122 2 0 2
2019900002 0 8 0 8
2019900002 3 2 0 2
2019900002 13 7 0 7
2019900002 21 4 0 4
2019900002 23 5 0 5
2019900002 26 3 0 3
2019900002 31 4 0 4
2019900002 39 4 0 4
2019900002 40 7 0 7
2019900002 57 1 0 1
2019900002 66 1 0 1
2019900002 72 3 0 3
2019900002 76 2 0 2
2019900002 78 2 0 2
2019900002 121 6 0 6
2019900002 122 5 0 5
2020000002 13 3 0 3
2020000002 39 1 0 1
2020000002 40 4 0 4
2020000002 66 8 0 8
2020000002 71 1 0 1
2020000002 72 5 0 5
2020000002 76 9 0 9
2020000002 78 9 0 9
2020000002 84 2 0 2
2020000002 92 1 0 1
2020000002 111 1 0 1
2020000002 121 1 0 1
2020000002 122 1 0 1
2020100002 32 7 0 7
2020100002 34 2 0 2
2020100002 43 1 0 1
2020100002 44 7 0 7
2020100002 48 2 0 2
2020100002 54 3 0 3
2020100002 58 3 0 3
2020100002 59 5 0 5
2020100002 66 3 0 3
2020100002 71 10 0 10
2020100002 74 3 0 3
2020100002 76 4 0 4
2020100002 78 4 0 4
2020100002 82 4 0 4
2020100002 84 3 0 3
2020100002 85 8 0 8
2020100002 92 3 0 3
2020100002 93 1 0 1
2020100002 107 5 0 5
2020100002 111 8 0 8
2020200002 1 2 0 2
2020200002 28 5 0 5
2020200002 32 5 0 5
2020200002 34 10 0 10
2020200002 41 10 0 10
2020200002 43 13 0 13
2020200002 44 3 0 3
2020200002 48 7 0 7
2020200002 53 1 0 1
2020200002 54 5 0 5
2020200002 58 6 0 6
2020200002 59 8 0 8
2020200002 71 1 0 1
2020200002 74 2 0 2
2020200002 82 6 0 6
2020200002 84 3 0 3
2020200002 85 4 0 4
2020200002 92 3 0 3
2020200002 93 9 0 9
2020200002 96 1 0 1
2020200002 97 2 0 2
2020200002 100 1 0 1
2020200002 107 4 0 4
2020200002 111 1 0 1
2020200002 112 3 0 3
2020200002 120 3 0 3
2020300002 1 6 0 6
2020300002 4 4 0 4
2020300002 5 4 0 4
2020300002 11 1 0 1
2020300002 25 4 0 4
2020300002 28 2 0 2
2020300002 34 1 0 1
2020300002 37 4 0 4
2020300002 41 3 0 3
2020300002 43 2 0 2
2020300002 45 2 0 2
2020300002 53 9 0 9
2020300002 81 2 0 2
2020300002 88 4 0 4
2020300002 96 7 0 7
2020300002 97 1 0 1
2020300002 98 3 0 3
2020300002 100 5 0 5
2020300002 103 4 0 4
2020300002 110 5 0 5
2020300002 112 9 0 9
2020300002 116 4 0 4
2020300002 120 4 0 4
2020400002 4 5 0 5
2020400002 5 1 0 1
2020400002 11 8 0 8
2020400002 20 2 0 2
2020400002 33 7 0 7
2020400002 37 5 0 5
2020400002 45 3 0 3
2020400002 53 5 0 5
2020400002 81 9 0 9
2020400002 88 5 0 5
2020400002 96 1 0 1
2020400002 97 2 0 2
2020400002 98 4 0 4
2020400002 100 4 0 4
2020400002 103 5 0 5
2020400002 110 8 0 8
2020400002 112 1 0 1
2020400002 117 3 0 3
2020500002 5 1 0 1
2020500002 11 1 0 1
2020500002 14 1 0 1
2020500002 18 3 0 3
2020500002 20 6 0 6
2020500002 24 3 0 3
2020500002 29 2 0 2
2020500002 33 1 0 1
2020500002 37 2 0 2
2020500002 45 2 0 2
2020500002 50 1 0 1
2020500002 68 3 0 3
2020500002 81 1 0 1
2020500002 87 1 0 1
2020500002 89 5 0 5
2020500002 90 1 0 1
2020500002 96 4 0 4
2020500002 98 8 0 8
2020500002 100 7 0 7
2020500002 104 4 0 4
2020500002 106 3 0 3
2020500002 116 2 0 2
2020500002 117 9 0 9
2020600002 14 5 0 5
2020600002 17 5 0 5
2020600002 18 5 0 5
2020600002 19 4 0 4
2020600002 22 8 0 8
2020600002 24 6 0 6
2020600002 27 3 0 3
2020600002 29 4 0 4
2020600002 36 5 0 5
2020600002 42 1 0 1
2020600002 50 4 0 4
2020600002 51 1 0 1
2020600002 60 1 0 1
2020600002 62 1 0 1
2020600002 67 5 0 5
2020600002 79 6 0 6
2020600002 80 5 0 5
2020600002 87 7 0 7
2020600002 89 5 0 5
2020600002 104 5 0 5
2020600002 106 6 0 6
2020600002 117 2 0 2
2020600002 124 3 0 3
2020700002 14 3 0 3
2020700002 19 3 0 3
2020700002 22 5 0 5
2020700002 24 2 0 2
2020700002 25 2 0 2
2020700002 27 5 0 5
2020700002 35 7 0 7
2020700002 36 4 0 4
2020700002 49 1 0 1
2020700002 50 5 0 5
2020700002 51 1 0 1
2020700002 52 5 0 5
2020700002 56 4 0 4
2020700002 58 2 0 2
2020700002 60 5 0 5
2020700002 61 5 0 5
2020700002 62 3 0 3
2020700002 67 2 0 2
2020700002 79 4 0 4
2020700002 87 2 0 2
2020700002 90 1 0 1
2020700002 106 1 0 1
2020700002 113 7 0 7
2020700002 114 2 0 2
2020700002 119 2 0 2
2020700002 124 8 0 8
2020800002 8 3 0 3
2020800002 9 1 0 1
2020800002 25 1 0 1
2020800002 30 2 0 2
2020800002 42 1 0 1
2020800002 49 8 0 8
2020800002 51 3 0 3
2020800002 52 4 0 4
2020800002 56 2 0 2
2020800002 58 3 0 3
2020800002 60 5 0 5
2020800002 61 4 0 4
2020800002 62 2 0 2
2020800002 113 2 0 2
2020800002 114 7 0 7
2020800002 119 4 0 4
2020800002 126 7 0 7
2020900002 2 7 0 7
2020900002 8 6 0 6
2020900002 9 2 0 2
2020900002 30 7 0 7
2020900002 51 7 0 7
2020900002 56 6 0 6
2020900002 60 4 0 4
2020900002 61 1 0 1
2020900002 62 5 0 5
2020900002 65 3 0 3
2020900002 105 2 0 2
2020900002 113 3 0 3
2020900002 114 3 0 3
2020900002 119 2 0 2
2020900002 126 1 0 1
2021000002 2 2 0 2
2021000002 9 6 0 6
2021000002 30 1 0 1
2021000002 38 5 0 5
2021000002 47 3 0 3
2021000002 61 2 0 2
2021000002 65 2 0 2
2021000002 105 4 0 4
2021100002 21 1 0 1
2021100002 23 1 0 1
2021100002 25 1 0 1
2021100002 26 2 0 2
2021100002 28 3 0 3
2021100002 31 3 0 3
2021100002 38 3 0 3
2021100002 47 3 0 3
2021200002 4 1 0 1
2021200002 21 3 0 3
2021200002 23 5 0 5
2021200002 26 6 0 6
2021200002 28 3 0 3
2021200002 31 8 0 8
2021200002 47 3 0 3
2021200002 72 5 0 5
2021200002 90 3 0 3
2021200002 109 6 0 6
2021200002 115 2 0 2
2021300002 0 9 0 9
2021300002 3 3 0 3
2021300002 4 4 0 4
2021300002 13 1 0 1
2021300002 21 3 0 3
2021300002 26 4 0 4
2021300002 31 3 0 3
2021300002 47 1 0 1
2021300002 72 3 0 3
2021300002 73 3 0 3
2021300002 83 8 0 8
2021300002 115 2 0 2
2021300002 121 6 0 6
2021300002 122 6 0 6
2021400002 0 3 0 3
2021400002 3 2 0 2
2021400002 13 6 0 6
2021400002 39 6 0 6
2021400002 67 1 0 1
2021400002 71 4 0 4
2021400002 73 5 0 5
2021400002 83 4 0 4
2021400002 84 4 0 4
2021400002 107 1 0 1
2021400002 111 1 0 1
2021400002 121 2 0 2
2021500002 13 1 0 1
2021500002 39 3 0 3
2021500002 40 5 0 5
2021500002 66 4 0 4
2021500002 71 7 0 7
2021500002 73 1 0 1
2021500002 84 4 0 4
2021500002 107 7 0 7
2021500002 111 9 0 9
2021600002 4 1 0 1
2021600002 5 3 0 3
2021600002 17 2 0 2
2021600002 32 5 0 5
2021600002 40 6 0 6
2021600002 44 2 0 2
2021600002 48 1 0 1
2021600002 54 2 0 2
2021600002 59 10 0 10
2021600002 66 3 0 3
2021600002 82 5 0 5
2021600002 85 3 0 3
2021600002 92 3 0 3
2021600002 107 1 0 1
2021600002 111 4 0 4
2021600002 116 1 0 1
2021700002 1 2 0 2
2021700002 4 3 0 3
2021700002 5 2 0 2
2021700002 17 4 0 4
2021700002 32 3 0 3
2021700002 44 7 0 7
2021700002 48 1 0 1
2021700002 54 1 0 1
2021700002 59 5 0 5
2021700002 80 3 0 3
2021700002 82 11 0 11
2021700002 85 8 0 8
2021700002 92 3 0 3
2021700002 116 7 0 7
2021800002 1 2 0 2
2021800002 5 4 0 4
2021800002 11 3 0 3
2021800002 20 4 0 4
2021800002 32 1 0 1
2021800002 33 1 0 1
2021800002 34 1 0 1
2021800002 37 1 0 1
2021800002 41 8 0 8
2021800002 43 2 0 2
2021800002 44 1 0 1
2021800002 45 3 0 3
2021800002 57 10 0 10
2021800002 58 1 0 1
2021800002 66 2 0 2
2021800002 68 2 0 2
2021800002 72 2 0 2
2021800002 76 1 0 1
2021800002 78 2 0 2
2021800002 80 3 0 3
2021800002 81 5 0 5
2021800002 93 1 0 1
2021800002 97 3 0 3
2021800002 103 1 0 1
2021800002 110 3 0 3
2021800002 117 2 0 2
2021900002 11 7 0 7
2021900002 20 10 0 10
2021900002 33 8 0 8
2021900002 34 3 0 3
2021900002 37 7 0 7
2021900002 41 2 0 2
2021900002 43 7 0 7
2021900002 45 6 0 6
2021900002 58 6 0 6
2021900002 66 1 0 1
2021900002 68 5 0 5
2021900002 74 5 0 5
2021900002 76 1 0 1
2021900002 78 1 0 1
2021900002 81 7 0 7
2021900002 88 7 0 7
2021900002 89 3 0 3
2021900002 93 4 0 4
2021900002 97 8 0 8
2021900002 103 8 0 8
2021900002 104 1 0 1
2021900002 106 3 0 3
2021900002 110 8 0 8
2021900002 117 5 0 5
2022000002 14 3 0 3
2022000002 18 9 0 9
2022000002 19 1 0 1
2022000002 20 1 0 1
2022000002 22 3 0 3
2022000002 24 8 0 8
2022000002 27 5 0 5
2022000002 29 6 0 6
2022000002 34 3 0 3
2022000002 37 1 0 1
2022000002 43 1 0 1
2022000002 45 2 0 2
2022000002 50 7 0 7
2022000002 58 2 0 2
2022000002 65 2 0 2
2022000002 66 1 0 1
2022000002 74 2 0 2
2022000002 78 3 0 3
2022000002 79 3 0 3
2022000002 88 1 0 1
2022000002 89 3 0 3
2022000002 93 1 0 1
2022000002 97 3 0 3
2022000002 100 1 0 1
2022000002 104 15 0 15
2022000002 105 4 0 4
2022000002 106 3 0 3
2022100002 14 4 0 4
2022100002 18 2 0 2
2022100002 19 6 0 6
2022100002 22 5 0 5
2022100002 24 5 0 5
2022100002 27 7 0 7
2022100002 29 1 0 1
2022100002 47 1 0 1
2022100002 50 4 0 4
2022100002 53 9 0 9
2022100002 61 1 0 1
2022100002 65 8 0 8
2022100002 96 7 0 7
2022100002 98 6 0 6
2022100002 100 6 0 6
2022100002 105 9 0 9
2022100002 112 4 0 4
2022100002 119 1 0 1
2022200002 27 1 0 1
2022200002 36 6 0 6
2022200002 47 5 0 5
2022200002 51 1 0 1
2022200002 56 3 0 3
2022200002 61 3 0 3
2022200002 62 2 0 2
2022200002 65 1 0 1
2022200002 67 5 0 5
2022200002 96 6 0 6
2022200002 98 3 0 3
2022200002 100 4 0 4
2022200002 112 7 0 7
2022200002 113 7 0 7
2022200002 114 7 0 7
2022200002 115 6 0 6
2022200002 119 3 0 3
2022200002 126 9 0 9
2022300002 16 1 0 1
2022300002 25 3 0 3
2022300002 30 3 0 3
2022300002 35 8 0 8
2022300002 36 3 0 3
2022300002 42 1 0 1
2022300002 51 6 0 6
2022300002 56 11 0 11
2022300002 61 6 0 6
2022300002 62 11 0 11
2022300002 67 2 0 2
2022300002 113 1 0 1
2022300002 114 5 0 5
2022300002 115 1 0 1
2022300002 119 1 0 1
2022300002 124 3 0 3
2022300002 126 5 0 5
2022400002 2 1 0 1
2022400002 9 5 0 5
2022400002 16 4 0 4
2022400002 25 5 0 5
2022400002 30 5 0 5
2022400002 35 4 0 4
2022400002 42 2 0 2
2022400002 60 10 0 10
2022400002 80 4 0 4
2022400002 90 2 0 2
2022400002 124 4 0 4
2022500002 2 7 0 7
2022500002 9 3 0 3
2022500002 16 3 0 3
2022500002 23 1 0 1
2022500002 25 2 0 2
2022500002 30 1 0 1
2022500002 42 2 0 2
2022500002 52 1 0 1
2022500002 60 3 0 3
2022500002 80 2 0 2
2022500002 87 8 0 8
2022500002 90 2 0 2
2022600002 9 1 0 1
2022600002 21 10 0 10
2022600002 23 6 0 6
2022600002 26 2 0 2
2022600002 31 5 0 5
2022600002 49 3 0 3
2022600002 52 6 0 6
2022600002 58 3 0 3
2022600002 80 1 0 1
2022600002 90 1 0 1
2022600002 122 2 0 2
2022700002 21 7 0 7
2022700002 23 3 0 3
2022700002 26 4 0 4
2022700002 31 4 0 4
2022700002 38 2 0 2
2022700002 47 2 0 2
2022700002 49 1 0 1
2022700002 58 1 0 1
2022700002 121 7 0 7
2022700002 122 11 0 11
2022800002 0 2 0 2
2022800002 38 3 0 3
2022800002 47 7 0 7
2022800002 66 1 0 1
2022800002 71 1 0 1
2022800002 116 1 0 1
2022900002 0 2 0 2
2022900002 3 5 0 5
2022900002 37 3 0 3
2022900002 66 2 0 2
2022900002 71 7 0 7
2022900002 72 2 0 2
2022900002 76 1 0 1
2022900002 78 1 0 1
2022900002 84 6 0 6
2022900002 116 4 0 4
2022900002 120 3 0 3
2023000002 0 6 0 6
2023000002 3 2 0 2
2023000002 13 2 0 2
2023000002 37 3 0 3
2023000002 39 5 0 5
2023000002 48 6 0 6
2023000002 54 1 0 1
2023000002 59 6 0 6
2023000002 63 1 0 1
2023000002 66 6 0 6
2023000002 71 2 0 2
2023000002 72 11 0 11
2023000002 76 3 0 3
2023000002 78 6 0 6
2023000002 84 3 0 3
2023000002 89 2 0 2
2023000002 107 2 0 2
2023000002 111 2 0 2
2023000002 116 2 0 2
2023000002 120 5 0 5
2023100002 1 7 0 7
2023100002 4 4 0 4
2023100002 13 4 0 4
2023100002 32 1 0 1
2023100002 39 3 0 3
2023100002 48 5 0 5
2023100002 54 3 0 3
2023100002 59 4 0 4
2023100002 72 1 0 1
2023100002 76 1 0 1
2023100002 83 8 0 8
2023100002 89 1 0 1
2023100002 107 5 0 5
2023100002 111 7 0 7
2023200002 1 6 0 6
2023200002 4 6 0 6
2023200002 5 7 0 7
2023200002 13 1 0 1
2023200002 32 7 0 7
2023200002 34 2 0 2
2023200002 41 2 0 2
2023200002 43 1 0 1
2023200002 44 7 0 7
2023200002 50 1 0 1
2023200002 81 1 0 1
2023200002 82 1 0 1
2023200002 83 7 0 7
2023200002 85 3 0 3
2023200002 89 2 0 2
2023200002 92 1 0 1
2023200002 107 1 0 1
2023200002 111 2 0 2
2023300002 4 1 0 1
2023300002 5 1 0 1
2023300002 8 1 0 1
2023300002 11 5 0 5
2023300002 14 4 0 4
2023300002 30 1 0 1
2023300002 32 2 0 2
2023300002 34 5 0 5
2023300002 41 7 0 7
2023300002 43 8 0 8
2023300002 44 3 0 3
2023300002 50 2 0 2
2023300002 79 5 0 5
2023300002 81 4 0 4
2023300002 82 9 0 9
2023300002 85 10 0 10
2023300002 88 4 0 4
2023300002 92 5 0 5
2023300002 117 2 0 2
2023400002 8 4 0 4
2023400002 11 6 0 6
2023400002 14 6 0 6
2023400002 19 2 0 2
2023400002 20 5 0 5
2023400002 30 10 0 10
2023400002 41 1 0 1
2023400002 43 1 0 1
2023400002 50 7 0 7
2023400002 58 1 0 1
2023400002 68 6 0 6
2023400002 79 6 0 6
2023400002 81 5 0 5
2023400002 82 2 0 2
2023400002 88 1 0 1
2023400002 89 2 0 2
2023400002 93 2 0 2
2023400002 97 2 0 2
2023400002 103 3 0 3
2023400002 106 1 0 1
2023400002 110 5 0 5
2023400002 117 5 0 5
2023500002 18 2 0 2
2023500002 19 6 0 6
2023500002 20 2 0 2
2023500002 22 6 0 6
2023500002 24 2 0 2
2023500002 27 5 0 5
2023500002 50 1 0 1
2023500002 53 7 0 7
2023500002 58 2 0 2
2023500002 68 2 0 2
2023500002 74 6 0 6
2023500002 89 5 0 5
2023500002 93 6 0 6
2023500002 97 7 0 7
2023500002 98 4 0 4
2023500002 103 5 0 5
2023500002 104 6 0 6
2023500002 106 4 0 4
2023500002 110 16 0 16
2023500002 113 1 0 1
2023500002 117 3 0 3
2023600002 18 6 0 6
2023600002 19 3 0 3
2023600002 22 3 0 3
2023600002 24 7 0 7
2023600002 27 5 0 5
2023600002 29 5 0 5
2023600002 37 1 0 1
2023600002 49 1 0 1
2023600002 53 3 0 3
2023600002 58 2 0 2
2023600002 67 4 0 4
2023600002 73 1 0 1
2023600002 74 1 0 1
2023600002 89 3 0 3
2023600002 93 1 0 1
2023600002 97 1 0 1
2023600002 98 5 0 5
2023600002 100 1 0 1
2023600002 104 1 0 1
2023600002 106 1 0 1
2023600002 113 5 0 5
2023600002 114 3 0 3
2023600002 119 2 0 2
2023600002 126 8 0 8
2023700002 3 2 0 2
2023700002 18 1 0 1
2023700002 24 3 0 3
2023700002 29 2 0 2
2023700002 33 3 0 3
2023700002 37 7 0 7
2023700002 45 6 0 6
2023700002 49 10 0 10
2023700002 51 3 0 3
2023700002 52 5 0 5
2023700002 56 4 0 4
2023700002 58 2 0 2
2023700002 61 8 0 8
2023700002 63 2 0 2
2023700002 65 3 0 3
2023700002 67 5 0 5
2023700002 73 12 0 12
2023700002 96 4 0 4
2023700002 100 10 0 10
2023700002 105 5 0 5
2023700002 112 4 0 4
2023700002 113 2 0 2
2023700002 114 11 0 11
2023700002 119 6 0 6
2023700002 126 5 0 5
2023800002 3 1 0 1
2023800002 33 2 0 2
2023800002 35 1 0 1
2023800002 37 5 0 5
2023800002 45 2 0 2
2023800002 49 6 0 6
2023800002 51 6 0 6
2023800002 52 1 0 1
2023800002 57 1 0 1
2023800002 61 9 0 9
2023800002 62 7 0 7
2023800002 63 1 0 1
2023800002 65 5 0 5
2023800002 73 1 0 1
2023800002 80 1 0 1
2023800002 96 3 0 3
2023800002 100 5 0 5
2023800002 105 6 0 6
2023800002 112 2 0 2
2023900002 2 4 0 4
2023900002 9 8 0 8
2023900002 21 2 0 2
2023900002 25 1 0 1
2023900002 26 1 0 1
2023900002 31 1 0 1
2023900002 35 7 0 7
2023900002 42 3 0 3
2023900002 51 2 0 2
2023900002 56 1 0 1
2023900002 57 7 0 7
2023900002 60 1 0 1
2023900002 62 2 0 2
2023900002 80 2 0 2
2023900002 124 6 0 6
2024000002 2 1 0 1
2024000002 9 1 0 1
2024000002 21 7 0 7
2024000002 23 6 0 6
2024000002 25 9 0 9
2024000002 26 5 0 5
2024000002 28 1 0 1
2024000002 31 7 0 7
2024000002 35 1 0 1
2024000002 42 3 0 3
2024000002 57 3 0 3
2024000002 60 4 0 4
2024000002 124 3 0 3
2024100002 21 3 0 3
2024100002 23 4 0 4
2024100002 25 3 0 3
2024100002 26 5 0 5
2024100002 28 3 0 3
2024100002 31 1 0 1
2024100002 40 6 0 6
2024100002 42 1 0 1
2024100002 60 6 0 6
2024100002 66 2 0 2
2024100002 80 1 0 1
2024100002 87 2 0 2
2024100002 121 1 0 1
2024100002 122 2 0 2
2024200002 80 1 0 1
2024200002 87 3 0 3
2024200002 90 4 0 4
2024200002 121 6 0 6
2024200002 122 8 0 8
2024300002 17 3 0 3
2024300002 71 3 0 3
2024300002 84 3 0 3
2024300002 116 1 0 1
2024300002 121 2 0 2
2024300002 122 1 0 1
2024400002 17 8 0 8
2024400002 39 1 0 1
2024400002 48 1 0 1
2024400002 54 2 0 2
2024400002 59 1 0 1
2024400002 71 5 0 5
2024400002 84 6 0 6
2024400002 116 5 0 5
2024500002 0 3 0 3
2024500002 3 1 0 1
2024500002 13 12 0 12
2024500002 39 10 0 10
2024500002 48 8 0 8
2024500002 54 5 0 5
2024500002 59 12 0 12
2024500002 72 1 0 1
2024500002 90 4 0 4
2024500002 109 4 0 4
