2000500 128 111
2000500 129 119
2000500 130 133
2000500 131 119
2000500 132 118
2000500 133 159
2000500 134 89
2000500 135 111
2001000 128 113
2001000 129 411
2001000 130 135
2001000 131 121
2001000 132 282
2001000 133 160
2001000 134 94
2001000 135 124
2001500 128 113
2001500 129 536
2001500 130 135
2001500 131 121
2001500 132 296
2001500 133 160
2001500 134 94
2001500 135 124
2002000 128 113
2002000 129 588
2002000 130 135
2002000 131 121
2002000 132 296
2002000 133 160
2002000 134 94
2002000 135 124
2002500 128 113
2002500 129 588
2002500 130 135
2002500 131 121
2002500 132 296
2002500 133 160
2002500 134 94
2002500 135 124
2003000 128 113
2003000 129 588
2003000 130 135
2003000 131 121
2003000 132 296
2003000 133 160
2003000 134 94
2003000 135 124
2003500 128 113
2003500 129 588
2003500 130 135
2003500 131 121
2003500 132 296
2003500 133 160
2003500 134 94
2003500 135 124
2004000 128 113
2004000 129 588
2004000 130 135
2004000 131 121
2004000 132 296
2004000 133 160
2004000 134 94
2004000 135 124
2004500 128 113
2004500 129 588
2004500 130 135
2004500 131 121
2004500 132 296
2004500 133 160
2004500 134 94
2004500 135 124
2005000 128 113
2005000 129 588
2005000 130 135
2005000 131 121
2005000 132 296
2005000 133 160
2005000 134 94
2005000 135 124
2005500 128 113
2005500 129 588
2005500 130 135
2005500 131 121
2005500 132 296
2005500 133 160
2005500 134 94
2005500 135 124
2006000 128 113
2006000 129 588
2006000 130 135
2006000 131 121
2006000 132 296
2006000 133 160
2006000 134 94
2006000 135 124
2006500 128 113
2006500 129 588
2006500 130 135
2006500 131 121
2006500 132 296
2006500 133 160
2006500 134 94
2006500 135 124
2007000 128 113
2007000 129 588
2007000 130 135
2007000 131 121
2007000 132 296
2007000 133 160
2007000 134 94
2007000 135 124
2007500 128 113
2007500 129 588
2007500 130 135
2007500 131 121
2007500 132 296
2007500 133 160
2007500 134 94
2007500 135 124
2008000 128 113
2008000 129 588
2008000 130 135
2008000 131 121
2008000 132 296
2008000 133 160
2008000 134 94
2008000 135 124
2008500 128 113
2008500 129 588
2008500 130 135
2008500 131 121
2008500 132 296
2008500 133 160
2008500 134 94
2008500 135 124
2009000 128 113
2009000 129 588
2009000 130 135
2009000 131 121
2009000 132 296
2009000 133 160
2009000 134 94
2009000 135 124
2009500 128 113
2009500 129 588
2009500 130 135
2009500 131 121
2009500 132 296
2009500 133 160
2009500 134 94
2009500 135 124
2010000 128 113
2010000 129 588
2010000 130 135
2010000 131 121
2010000 132 296
2010000 133 160
2010000 134 94
2010000 135 124
2010500 128 113
2010500 129 588
2010500 130 135
2010500 131 121
2010500 132 296
2010500 133 160
2010500 134 94
2010500 135 124
2011000 128 113
2011000 129 588
2011000 130 135
2011000 131 121
2011000 132 296
2011000 133 160
2011000 134 94
2011000 135 124
2011500 128 113
2011500 129 588
2011500 130 135
2011500 131 121
2011500 132 296
2011500 133 160
2011500 134 94
2011500 135 124
2012000 128 113
2012000 129 588
2012000 130 135
2012000 131 121
2012000 132 296
2012000 133 160
2012000 134 94
2012000 135 124
2012500 128 113
2012500 129 588
2012500 130 135
2012500 131 121
2012500 132 296
2012500 133 160
2012500 134 94
2012500 135 124
2013000 128 113
2013000 129 588
2013000 130 135
2013000 131 121
2013000 132 296
2013000 133 160
2013000 134 94
2013000 135 124
2013500 128 113
2013500 129 588
2013500 130 135
2013500 131 121
2013500 132 296
2013500 133 160
2013500 134 94
2013500 135 124
2014000 128 113
2014000 129 588
2014000 130 135
2014000 131 121
2014000 132 296
2014000 133 160
2014000 134 94
2014000 135 124
2014500 128 113
2014500 129 588
2014500 130 135
2014500 131 121
2014500 132 296
2014500 133 160
2014500 134 94
2014500 135 124
2015000 128 113
2015000 129 588
2015000 130 135
2015000 131 121
2015000 132 296
2015000 133 160
2015000 134 94
2015000 135 124
2015500 128 113
2015500 129 588
2015500 130 135
2015500 131 121
2015500 132 296
2015500 133 160
2015500 134 94
2015500 135 124
2016000 128 113
2016000 129 588
2016000 130 135
2016000 131 121
2016000 132 296
2016000 133 160
2016000 134 94
2016000 135 124
2016500 128 113
2016500 129 588
2016500 130 135
2016500 131 121
2016500 132 296
2016500 133 160
2016500 134 94
2016500 135 124
2017000 128 113
2017000 129 588
2017000 130 135
2017000 131 121
2017000 132 296
2017000 133 160
2017000 134 94
2017000 135 124
2017500 128 113
2017500 129 588
2017500 130 135
2017500 131 121
2017500 132 296
2017500 133 160
2017500 134 94
2017500 135 124
2018000 128 113
2018000 129 588
2018000 130 135
2018000 131 121
2018000 132 296
2018000 133 160
2018000 134 94
2018000 135 124
2018500 128 113
2018500 129 588
2018500 130 135
2018500 131 121
2018500 132 296
2018500 133 160
2018500 134 94
2018500 135 124
2019000 128 113
2019000 129 588
2019000 130 135
2019000 131 121
2019000 132 296
2019000 133 160
2019000 134 94
2019000 135 124
2019500 128 113
2019500 129 588
2019500 130 135
2019500 131 121
2019500 132 296
2019500 133 160
2019500 134 94
2019500 135 124
2020000 128 113
2020000 129 588
2020000 130 135
2020000 131 121
2020000 132 296
2020000 133 160
2020000 134 94
2020000 135 124
2020500 128 113
2020500 129 588
2020500 130 135
2020500 131 121
2020500 132 296
2020500 133 160
2020500 134 94
2020500 135 124
2021000 128 113
2021000 129 588
2021000 130 135
2021000 131 121
2021000 132 296
2021000 133 160
2021000 134 94
2021000 135 124
2021500 128 113
2021500 129 588
2021500 130 135
2021500 131 121
2021500 132 296
2021500 133 160
2021500 134 94
2021500 135 124
2022000 128 113
2022000 129 588
2022000 130 135
2022000 131 121
2022000 132 296
2022000 133 160
2022000 134 94
2022000 135 124
2022500 128 113
2022500 129 588
2022500 130 135
2022500 131 121
2022500 132 296
2022500 133 160
2022500 134 94
2022500 135 124
2023000 128 113
2023000 129 588
2023000 130 135
2023000 131 121
2023000 132 296
2023000 133 160
2023000 134 94
2023000 135 124
2023500 128 113
2023500 129 588
2023500 130 135
2023500 131 121
2023500 132 296
2023500 133 160
2023500 134 94
2023500 135 124
2024000 128 113
2024000 129 588
2024000 130 135
2024000 131 121
2024000 132 296
2024000 133 160
2024000 134 94
2024000 135 124
2024500 128 113
2024500 129 588
2024500 130 135
2024500 131 121
2024500 132 296
2024500 133 160
2024500 134 94
2024500 135 124
