4.166 1 1 0.0
17668.2 1 2 0.05263157894736842
17678.0 1 3 0.10526315789473684
17702.3 1 4 0.15789473684210525
17817.6 1 5 0.21052631578947367
17835.3 1 6 0.2631578947368421
17955.8 1 7 0.3157894736842105
18075.4 1 8 0.3684210526315789
18178.7 1 9 0.42105263157894735
18222.5 1 10 0.47368421052631576
18224.1 1 11 0.5263157894736842
18228.2 1 12 0.5789473684210527
18237.2 1 13 0.631578947368421
18269.8 1 14 0.6842105263157895
18627.6 1 15 0.7368421052631579
18739.8 1 16 0.7894736842105263
18769.3 1 17 0.8421052631578947
18805.4 1 18 0.8947368421052632
18846.2 1 19 0.9473684210526315
18949.5 1 20 1.0
