1.0 1 1 0.0
1.00464 1 2 0.05263157894736842
1.00519 1 3 0.10526315789473684
1.00658 1 4 0.15789473684210525
1.01313 1 5 0.21052631578947367
1.01414 1 6 0.2631578947368421
1.02099 1 7 0.3157894736842105
1.02779 1 8 0.3684210526315789
1.03366 1 9 0.42105263157894735
1.03615 1 10 0.47368421052631576
1.03624 1 11 0.5263157894736842
1.03648 1 12 0.5789473684210527
1.03674 1 13 0.631578947368421
1.03884 1 14 0.6842105263157895
1.05919 1 15 0.7368421052631579
1.06557 1 16 0.7894736842105263
1.06725 1 17 0.8421052631578947
1.0693 1 18 0.8947368421052632
1.07137 1 19 0.9473684210526315
1.07724 1 20 1.0
