1.00464 1 1 0.0
1.00519 1 2 0.05555555555555555
1.00658 1 3 0.1111111111111111
1.01313 1 4 0.16666666666666666
1.01414 1 5 0.2222222222222222
1.02099 1 6 0.2777777777777778
1.02779 1 7 0.3333333333333333
1.03366 1 8 0.3888888888888889
1.03615 1 9 0.4444444444444444
1.03624 1 10 0.5
1.03648 1 11 0.5555555555555556
1.03674 1 12 0.6111111111111112
1.03884 1 13 0.6666666666666666
1.05919 1 14 0.7222222222222222
1.06557 1 15 0.7777777777777778
1.06725 1 16 0.8333333333333334
1.0693 1 17 0.8888888888888888
1.07137 1 18 0.9444444444444444
1.07724 1 19 1.0
